0.0
0.0
0.0
0.0
0.0
0.0
0.0
0.0
0.0
0.0
0.0
0.0
0.0
0.0
0.0
0.0
0.0
0.0
0.0
0.0
6844.41024571
8856.32520457
8044.75242373
7450.31058786
7252.89907807
6786.10598719
6521.38372084
5974.62711638
5792.05131547
5361.21787185
5167.44634264
5139.66313682
4798.67858509
4628.85392864
4421.82639945
4160.11940628
3995.35458993
3641.5265119
3498.24883311
3428.44326981
3352.84200985
3320.24419966
2823.77092518
2901.99752646
2859.98098277
2608.14830242
2550.10415492
2346.26755173
2124.41614552
2127.073413
2047.76713271
1912.06105953
1959.73933715
1860.17511236
1892.55270156
1724.88704515
1606.75039375
1639.77937848
1478.7420862
1447.17138282
1374.27146469
1294.4534933
1290.53963589
1316.08873174
1605.48736583
1254.12030265
1189.41926987
1207.91972276
1064.40968339
1118.63788014
1033.69359634
1029.83253554
996.796496027
903.18951853
893.777136146
870.2705014
865.800401309
922.314402032
825.842509713
783.21084415
730.50903814
772.495040219
733.579624684
672.06194521
665.702525155
680.217827972
649.129446934
665.314168769
619.44687419
579.957233055
603.3111621
549.320608834
577.075141828
545.872771908
534.759210857
483.555539263
469.660635706
480.606835139
440.707034022
418.161309665
426.12579118
413.846089391
371.509015829
387.421777999
404.630342771
374.350160427
342.323981273
318.393324888
331.867656203
333.464302136
304.223825796
287.895870238
313.17649886
296.653762431
296.237459844
278.055668917
270.174348492
252.876021793
245.351404739
273.176811347
265.172997663
271.829421368
258.47863286
280.772260024
229.46310731
237.904872603
230.807851273
216.810830122
212.088269318
227.932166856
219.991652301
231.175026545
220.458864164
225.028638711
206.561241793
194.49011542
214.578087429
193.682923749
186.581048085
177.488935348
168.918556903
183.494879536
177.913349042
189.31949361
172.875841508
162.755889913
161.26613253
177.542140156
193.636604862
164.447486451
158.839693007
165.766374591
143.380371293
162.396332541
162.081263489
143.635096748
145.665695724
161.510838262
150.743122518
160.807358688
185.372505631
141.636080876
145.209284384
140.608697771
151.008797208
134.499069183
129.583697507
141.707017799
150.959818614
160.22203904
150.912554278
129.250771416
132.315518227
134.294002334
121.859682473
118.444603405
125.529224816
110.997330788
139.407308646
124.133594914
128.298379836
130.784811305
125.796731527
113.292072327
109.560025499
129.334239463
107.620117691
132.870341002
117.506778891
141.488080731
118.846757509
132.586030041
115.436295029
120.578284915
109.687568026
109.400224669
103.908177118
111.179095915
115.007166754
112.550015017
110.04575602
112.642639232
106.976911786
109.34054333
122.732289475
106.605605493
111.278004375
111.073807818
103.733032441
107.101574514
95.3846423416
92.5578414235
94.1739061776
82.2264669641
83.387880815
90.1575499023
84.8649448365
84.9242051206
95.4769133261
81.293672755
74.7996455322
76.5614485678
75.8218519585
84.8030267812
94.8289503304
83.8627609863
82.1434426642
80.2579882862
56.29861829
82.3823870109
70.5205251019
77.1414779264
76.0221307716
85.0053069798
79.8927779804
75.9721338372
75.705750936
90.511386102
91.926749239
78.2401762245
91.9403892452
70.4913900442
74.3480390219
77.0386826597
75.2143682187
75.7709254523
68.5963451471
71.2905885764
66.1213388393
58.601636018
66.0066151631
66.1946647252
74.7184324042
82.5292815694
73.4824092439
80.7798373405
74.5309718814
67.2456012045
66.1881648672
82.6465341429
66.4381762589
59.8274631793
73.0116409031
76.9894507547
73.8631686351
80.6631503105
71.7032644136
65.1857162611
64.3454996679
60.1005103263
51.6871005554
62.1124106302
55.9156689519
66.1269351608
60.5898998276
76.9959061898
80.650674971
63.8447284681
61.8227246008
59.3911565844
70.0370265566
61.7785530179
66.1214095638
59.4688567906
72.9425770207
56.7058468742
66.0935480993
60.6169435182
59.7862449197
57.1856614574
57.2399747756
48.402155913
48.9889397662
46.2479411815
44.0811846208
44.3043043464
58.7991683083
44.8892192855
68.7818537859
53.5123571646
39.3297898524
45.1280100644
43.2311615665
56.7735068875
52.3658874307
46.8420941776
57.4896596838
39.8575810068
53.3547763974
60.432644192
55.3554967098
49.6050163097
41.760447406
53.6881341045
44.863329665
45.71054493
36.6231322083
47.300848252
53.129057133
54.2332462789
41.5128951941
44.7945792796
68.1474563506
58.7839667095
52.4293081584
47.8067995581
48.8515615827
52.1706231783
53.8919742545
58.4667019969
43.2190204829
55.3805455283
58.8764925361
48.3140060467
44.3750207099
40.7761168652
52.9783832574
55.4983872312
52.3957515652
56.4428619255
37.282699047
55.9613125006
39.6610232163
42.1377808212
44.3694068876
36.6370383362
32.1041164926
42.7757538254
36.87469066
40.5727309911
41.3545374974
37.9904477801
44.6428890554
40.7364502303
46.7027522084
39.9289133737
41.1769819785
34.9345026042
40.7564638431
36.0413615014
38.1553144743
42.3475525095
37.4894203246
31.3795072718
47.4916883688
31.2974433346
35.0360758752
37.5388621745
28.24182112
32.247895825
38.1973612476
36.9520749594
33.3222127251
28.6861820734
41.7307950959
38.7638131891
40.7640536591
27.9593794736
34.7711341933
34.6187011435
24.8542392981
31.5369752198
34.092439036
28.6697148762
28.088464931
26.6908127157
21.0936714833
32.0869370252
23.4474472597
34.4081996762
32.5469858512
37.4916802526
24.0539311214
33.0759602405
33.6838439717
33.3895607917
31.6966033081
24.9598453742
26.4495542287
33.5078385014
32.2971998361
37.7721045064
29.3985792668
31.0696767013
29.4546855722
32.7989257053
34.098842334
24.3904301826
27.9613092091
22.9244435453
29.1621532258
20.9715681385
23.1990840838
34.1786348254
25.6889646319
21.0877816005
30.240802578
27.8227841615
27.2634687912
32.6523417285
27.6191265924
25.8420265309
23.6331874998
29.6404643281
16.549509282
18.3388389919
28.0366417152
24.0595063776
26.1984235296
33.8865573654
26.368070879
28.0955047679
18.0791253625
20.3754571834
20.6114391132
23.5494643775
26.1893602163
25.5554041386
29.4389300231
16.6145447134
21.1172653433
30.6889641148
26.4137080954
28.1458103526
18.5981646498
27.5989679493
19.4457735694
20.2427093641
25.3909766341
20.6262062415
24.8399548955
24.0988160919
12.7448479666
26.6792743774
26.6947916761
17.9564608578
29.8106877746
18.1104494046
20.8509603065
19.6293448105
16.0993907043
21.5296191499
23.0002987927
21.7780132394
23.9226406084
16.2261692353
7.94332054228
17.0626198497
11.4900497723
18.3230338329
17.576917025
20.7408741939
15.8036756753
22.0478883218
21.5158197783
16.7144901652
19.0048266115
19.6774466883
19.0548812578
16.9741291631
15.1026925263
17.0143862535
16.9917341432
11.0317244086
24.457047246
13.2567017013
21.0126659112
14.7434304383
21.0679779554
20.012924067
24.5312553636
14.7679813732
10.4875557785
13.8781598461
14.3857947611
20.9245672394
20.7595469625
19.0005885216
13.1764431231
10.761262772
16.7182380619
17.4477832952
12.1806003433
22.711861448
10.6287438507
16.7727185682
14.0803439052
18.3607069502
12.2858048178
11.9403947235
5.94239586748
20.5488570191
12.3961640595
16.7567385434
17.119711983
11.7553457269
14.7084912323
14.2254295989
15.1773781399
19.559199344
9.59039767323
16.4716038264
11.6029997206
13.6690143776
16.4762369221
15.2662322785
15.2509932564
14.067445774
10.5632402745
10.1616202833
11.4017824991
12.2777292559
11.5397687242
9.25927100708
6.29203730184
18.9552416397
8.17451645946
12.4656700301
16.9854713541
13.3290522235
5.86042784215
14.2222775384
11.868582979
6.75995566579
9.07441677074
18.0765284688
9.59936303135
8.2960681719
11.4358080892
12.973778404
9.34184071715
9.73600055505
6.88362568236
7.06842454912
15.6449419871
8.71632883753
10.6501797183
14.7333130677
9.23063902998
8.8607018469
5.81496447172
8.87409538708
11.7083796148
14.3724507682
14.0117696903
22.2411358303
11.1526875194
5.34654420647
7.0
5.96870837945
13.1483578803
4.32404712616
8.56534546222
7.55149217544
7.0
13.1330250298
7.8050305327
8.23243291519
11.188580908
9.17007738845
9.8086626616
3.07156880225
8.42688663503
11.8046108227
6.11704019163
12.1540097091
7.39087127039
9.26351539268
13.5632963698
7.94311699113
5.98875760271
11.9081777499
5.77454538615
5.97534987788
6.61096570969
4.01407239668
14.2302400016
10.2053206557
8.53761155949
4.93951002153
6.32222016278
7.35305586286
8.36854004779
8.01389108478
6.81210057362
4.87436754474
7.19198363513
9.16436149786
9.86101741419
7.35735552666
7.05994545396
12.4213333325
12.9935444232
1.55862122819
8.7704133975
6.30172757171
8.53927736346
8.97982809532
9.61875995797
2.16819602031
5.28136922003
4.10768409455
10.7101829129
8.18460171876
3.0
2.35963480896
4.83746811749
5.50706290472
7.0
6.91325752132
6.46520605942
2.0
6.39832235637
3.0
8.51662786883
5.87867794238
6.71021514586
6.66752933849
5.99438295912
10.8809771876
7.65967378287
4.9438657325
6.0
9.0
5.96601012307
7.86708276158
6.38923817488
3.40623270487
5.0
3.78543993361
4.73056024838
5.85922474574
6.67449327409
1.0
7.67768485186
3.85209148057
5.84749341951
3.0
6.37204613105
3.78846747889
5.12714836952
4.75086864601
6.362542799
5.97424289748
4.59150378273
3.76730005192
9.86029341179
3.28158785765
7.67937954562
1.74376114745
5.0
7.60438889145
3.89119488288
6.12986371517
0.680918889365
2.0
5.80267390024
4.51731294245
3.0
3.0
4.0
5.0
4.78387811845
6.58692729499
7.48560228903
4.0
6.0
1.0
3.0
3.0
5.48552495806
1.0
2.73829944084
4.00387753116
9.28768165625
2.0
5.0
3.0
5.0
3.93712447508
5.0
3.72491212019
6.86086538621
2.0
2.83786592808
0.863797363815
0.0
2.0
2.9826303547
4.98428422767
2.0
2.0381654035
4.8304649734
5.69754082409
1.0
0.0
0.658275952127
2.0
2.8152746393
7.0
0.769010647129
6.0
1.0
4.52672752136
1.0
1.33644432717
2.24925025277
2.0
1.0
2.0
2.48962988702
3.0
4.03940371509
3.0
1.0
2.35281179925
5.95326489062
3.08001271697
4.0
4.26581339199
3.86131737956
1.0
6.0
4.99986704735
1.0
2.16258875488
2.67607763777
4.0
2.0
4.58107678553
3.0
1.10185642212
7.0
3.0
4.0
5.700480115
3.96154554596
3.82132856977
4.0
3.0
1.92513973601
3.92907048064
1.0
3.0
3.0
4.0
2.0
3.89754589279
1.0
5.0
4.0
1.78390910874
1.69220810508
1.0
5.82901039204
3.0
6.15342257074
2.747962933
3.98004176484
2.75088936942
2.0
2.0
2.0
3.67543363949
4.0
0.0
3.0
1.0
2.6424116973
3.0
3.0
1.84791320395
3.0
1.0
1.81883697328
4.88544363397
3.85626884374
4.0
2.54140714802
0.0
1.0
1.0
1.0
1.0
3.0
3.44160811669
2.0
4.51755416756
0.0
2.0
1.87349169785
1.0
1.99479607555
3.7122513477
0.0
2.0
2.0
3.0
1.0
2.0
1.0
0.0
4.0
3.0
2.0
3.0
2.0
2.0
2.70480811752
0.0
1.0
3.0
1.0
1.0
0.0
0.0
3.0
0.0
1.0
2.0
1.0
2.0
2.0
1.0
1.0
2.0
2.0
2.0
0.592610837258
1.0
2.0
0.0
1.0
4.01014258494
2.0
2.0
1.0
3.0
4.0
3.0
1.0
3.0
1.0
1.0
0.0
0.0
1.0
3.0
1.95799616217
1.0
0.0
5.88965701437
1.0
2.0
0.0
1.0
1.94972757006
0.0
0.0
1.0
0.0
2.0
1.0
0.0
0.0
2.0
1.0
2.0
3.0
2.0
0.962393813803
0.0
1.0
1.0
1.0
0.976889308162
1.0
0.0
0.0
1.0
0.0
2.0
0.0
0.0
1.0
1.0
1.0
2.0
0.0
2.0
0.0
2.0
1.0
2.0
0.0
1.0
0.0
0.0
0.0
0.0
0.0
2.0
2.0
1.0
1.0
1.0
0.0
4.0
0.0
2.0
0.0
0.0
0.0
1.0
2.0
0.0
3.4185741907
1.0
3.17463352776
0.0
1.0
1.0
0.0
1.0
0.993788736414
0.0
0.0
1.0
1.0
0.0
0.0
0.0
0.0
0.0
2.0
1.0
1.0
0.0
0.0
2.0
0.0
0.0
1.0
0.0
1.0
1.0
0.0
0.0
0.0
1.0
1.0
0.0
0.0
0.0
0.0
0.0
1.0
3.0
0.474990326842
0.0
0.0
0.0
1.0
1.0
3.0
0.0
0.0
0.0
0.0
1.0
1.0
0.0
0.0
2.0
0.0
0.0
2.0
1.0
0.0
68.4799807044
