0.0
0.0
0.0
0.0
0.0
0.0
0.0
0.0
0.0
0.0
0.0
0.0
0.0
0.0
75764.0
147107.0
152695.0
145257.0
152376.0
162799.0
165280.0
167294.0
170490.0
166464.0
166918.0
162923.0
163574.0
163787.0
165778.0
173575.0
175643.0
183259.0
187289.0
196451.0
208615.0
217301.0
222251.0
230061.0
243127.0
258063.0
267794.0
284776.0
295171.0
312948.0
330264.0
346866.0
365708.0
386040.0
405940.0
427691.0
449584.0
468034.0
489944.0
507615.0
521962.0
537364.0
550105.0
560252.0
569460.0
577932.0
581886.0
587840.0
594260.0
597015.0
603563.0
603245.0
605706.0
606450.0
606294.0
602829.0
602726.0
601296.0
600936.0
594290.0
588791.0
586717.0
579717.0
575179.0
568699.0
561036.0
549653.0
543137.0
533932.0
526544.0
515321.0
506224.0
496452.0
486852.0
475851.0
465761.0
456479.0
446272.0
437543.0
427389.0
416021.0
406072.0
397454.0
389139.0
379689.0
370563.0
361317.0
352506.0
343017.0
335773.0
326475.0
318068.0
310132.0
303026.0
295428.0
288747.0
281686.0
273776.0
267571.0
260360.0
255394.0
247819.0
240583.0
235282.0
227573.0
222738.0
218090.0
212178.0
206207.0
202233.0
195176.0
189851.0
186933.0
180655.0
175376.0
171493.0
168070.0
163186.0
159557.0
155889.0
151108.0
146680.0
144752.0
141164.0
137656.0
134483.0
129859.0
127519.0
124888.0
121893.0
119363.0
116808.0
114303.0
111214.0
109113.0
106000.0
104156.0
102663.0
99737.0
97738.0
95918.0
92978.0
91622.0
89338.0
87975.0
85690.0
83804.0
82048.0
80280.0
79120.0
77068.0
75937.0
74057.0
73094.0
71213.0
70068.0
68495.0
67252.0
65599.0
64499.0
62417.0
62057.0
60549.0
59476.0
58375.0
57210.0
55689.0
55327.0
54351.0
52386.0
51751.0
51004.0
50375.0
49194.0
48690.0
47381.0
46657.0
45815.0
44836.0
44052.0
43345.0
42352.0
42136.0
41275.0
40330.0
39308.0
39074.0
38596.0
38266.0
37183.0
36447.0
36137.0
35598.0
34918.0
34210.0
33431.0
33072.0
32908.0
32188.0
31652.0
30790.0
30441.0
29971.0
29898.0
29287.0
28500.0
28074.0
27774.0
27531.0
26962.0
26549.0
26132.0
25816.0
25431.0
25122.0
24566.0
24211.0
23998.0
23999.0
23422.0
23065.0
22420.0
22300.0
22250.0
21998.0
21586.0
21133.0
20587.0
20835.0
20312.0
19968.0
19694.0
19634.0
19245.0
18875.0
18899.0
18347.0
18072.0
17813.0
17534.0
17507.0
17007.0
16968.0
16586.0
16270.0
16199.0
16007.0
15922.0
15593.0
15424.0
15048.0
14844.0
15005.0
14349.0
14171.0
13991.0
13747.0
13405.0
13404.0
13379.0
13255.0
13152.0
12911.0
12649.0
12541.0
12376.0
12198.0
12040.0
11732.0
11515.0
11339.0
11227.0
11314.0
11080.0
10990.0
10770.0
10722.0
10337.0
10367.0
10063.0
10094.0
9978.0
9747.0
9595.0
9678.0
9498.0
9373.0
9138.0
9052.0
9043.0
9001.0
8742.0
8645.0
8558.0
8433.0
8303.0
8438.0
8169.0
8115.0
7991.0
8001.0
7577.0
7711.0
7638.0
7585.0
7399.0
7261.0
7372.0
7134.0
7174.0
7117.0
7031.0
6885.0
6917.0
6875.0
6744.0
6476.0
6577.0
6367.0
6251.0
6138.0
6272.0
6261.0
6089.0
6032.0
6010.0
6040.0
5829.0
5928.0
5550.0
5706.0
5544.0
5512.0
5509.0
5360.0
5419.0
5215.0
5197.0
5146.0
5145.0
5022.0
4968.0
4980.0
4860.0
4745.0
4610.0
4603.0
4604.0
4548.0
4414.0
4392.0
4337.0
4254.0
4184.0
4416.0
4209.0
4191.0
4207.0
4175.0
4013.0
4045.0
3932.0
3877.0
3903.0
3938.0
3800.0
3878.0
3717.0
3629.0
3707.0
3606.0
3553.0
3546.0
3453.0
3449.0
3413.0
3478.0
3470.0
3311.0
3246.0
3249.0
3274.0
3241.0
3127.0
3209.0
3205.0
3166.0
3116.0
3076.0
3064.0
2954.0
2942.0
2928.0
2922.0
2827.0
2792.0
2794.0
2841.0
2820.0
2807.0
2671.0
2645.0
2645.0
2646.0
2618.0
2561.0
2540.0
2538.0
2487.0
2516.0
2447.0
2525.0
2460.0
2474.0
2400.0
2365.0
2366.0
2393.0
2344.0
2238.0
2277.0
2292.0
2260.0
2266.0
2161.0
2256.0
2216.0
2149.0
2188.0
2152.0
2131.0
2063.0
1997.0
2040.0
2081.0
1989.0
2058.0
1921.0
1957.0
1908.0
1845.0
1864.0
1880.0
1877.0
1853.0
1834.0
1820.0
1855.0
1741.0
1838.0
1772.0
1760.0
1762.0
1746.0
1695.0
1760.0
1728.0
1661.0
1659.0
1606.0
1555.0
1665.0
1592.0
1547.0
1592.0
1614.0
1612.0
1619.0
1593.0
1583.0
1600.0
1546.0
1587.0
1556.0
1448.0
1536.0
1507.0
1502.0
1510.0
1496.0
1418.0
1425.0
1424.0
1365.0
1423.0
1424.0
1336.0
1400.0
1294.0
1289.0
1264.0
1311.0
1276.0
1324.0
1266.0
1278.0
1266.0
1252.0
1271.0
1291.0
1255.0
1198.0
1253.0
1144.0
1258.0
1245.0
1255.0
1174.0
1148.0
1102.0
1167.0
1156.0
1135.0
1151.0
1127.0
1061.0
1117.0
1110.0
1110.0
1031.0
1090.0
1073.0
1013.0
1113.0
1038.0
1026.0
1075.0
1072.0
1012.0
969.0
975.0
993.0
936.0
990.0
947.0
967.0
956.0
978.0
1000.0
917.0
908.0
912.0
946.0
912.0
851.0
854.0
873.0
886.0
853.0
887.0
834.0
860.0
844.0
853.0
837.0
796.0
803.0
810.0
749.0
788.0
784.0
769.0
777.0
736.0
721.0
726.0
697.0
730.0
755.0
750.0
736.0
705.0
699.0
748.0
711.0
678.0
674.0
672.0
714.0
637.0
640.0
637.0
662.0
607.0
623.0
687.0
597.0
625.0
638.0
625.0
598.0
630.0
605.0
623.0
626.0
575.0
574.0
645.0
577.0
591.0
583.0
593.0
578.0
582.0
559.0
539.0
554.0
528.0
558.0
522.0
518.0
517.0
521.0
467.0
558.0
488.0
517.0
454.0
512.0
515.0
507.0
470.0
511.0
481.0
455.0
476.0
508.0
527.0
448.0
449.0
426.0
482.0
486.0
430.0
421.0
469.0
434.0
440.0
428.0
408.0
441.0
398.0
439.0
443.0
429.0
409.0
464.0
399.0
418.0
433.0
404.0
429.0
443.0
400.0
429.0
369.0
382.0
437.0
380.0
396.0
361.0
361.0
388.0
349.0
370.0
376.0
346.0
358.0
328.0
358.0
350.0
342.0
380.0
352.0
356.0
366.0
359.0
325.0
374.0
292.0
330.0
371.0
306.0
318.0
291.0
317.0
303.0
324.0
297.0
293.0
290.0
294.0
295.0
311.0
332.0
283.0
301.0
267.0
299.0
310.0
275.0
278.0
299.0
279.0
293.0
284.0
293.0
261.0
274.0
289.0
287.0
275.0
227.0
268.0
272.0
269.0
250.0
242.0
245.0
235.0
211.0
221.0
215.0
240.0
234.0
237.0
200.0
233.0
258.0
269.0
221.0
247.0
251.0
217.0
192.0
253.0
226.0
209.0
231.0
228.0
225.0
231.0
248.0
234.0
235.0
226.0
213.0
207.0
182.0
199.0
196.0
194.0
202.0
190.0
219.0
196.0
186.0
178.0
183.0
188.0
189.0
199.0
218.0
187.0
180.0
190.0
185.0
178.0
162.0
185.0
193.0
177.0
169.0
145.0
177.0
196.0
137.0
161.0
162.0
160.0
172.0
175.0
177.0
160.0
153.0
151.0
142.0
169.0
152.0
150.0
150.0
174.0
140.0
149.0
140.0
128.0
147.0
134.0
169.0
156.0
109.0
165.0
163.0
156.0
159.0
126.0
132.0
139.0
138.0
147.0
129.0
143.0
125.0
142.0
136.0
133.0
124.0
140.0
107.0
117.0
134.0
109.0
123.0
136.0
128.0
141.0
126.0
121.0
106.0
129.0
126.0
129.0
107.0
116.0
108.0
110.0
96.0
121.0
97.0
125.0
127.0
117.0
118.0
119.0
108.0
119.0
96.0
116.0
119.0
119.0
99.0
108.0
99.0
104.0
117.0
111.0
108.0
103.0
79.0
114.0
93.0
123.0
95.0
103.0
94.0
108.0
95.0
92.0
91.0
107.0
108.0
90.0
96.0
91.0
108.0
104.0
74.0
82.0
103.0
85.0
83.0
111.0
84.0
69.0
67.0
88.0
69.0
100.0
64.0
71.0
62.0
85.0
75.0
90.0
73.0
73.0
94.0
82.0
97.0
66.0
95.0
60.0
60.0
69.0
79.0
82.0
81.0
65.0
72.0
72.0
78.0
76.0
79.0
66.0
81.0
55.0
56.0
73.0
67.0
77.0
69.0
62.0
66.0
74.0
73.0
72.0
65.0
75.0
83.0
65.0
65.0
58.0
46.0
66.0
54.0
57.0
62.0
56.0
55.0
60.0
80.0
75.0
69.0
69.0
67.0
66.0
56.0
57.0
51.0
50.0
51.0
72.0
60.0
50.0
55.0
61.0
59.0
55.0
60.0
61.0
54.0
54.0
58.0
60.0
59.0
51.0
63.0
54.0
61.0
54.0
51.0
58.0
52.0
44.0
54.0
68.0
64.0
53.0
39.0
50.0
62.0
51.0
55.0
52.0
50.0
8563.0
