0.0
0.0
0.0
0.0
0.0
0.0
0.0
0.0
0.0
0.0
0.0
0.0
0.0
0.0
0.0
0.0
0.0
0.0
0.0
0.0
4163.61281152
5431.78626155
4982.94015666
4643.58580547
4666.97666876
4402.95802964
4339.37542342
3892.08417461
3837.42509547
3593.08978349
3508.46390891
3568.08167199
3296.9854465
3185.24303314
3055.4297668
2859.76127409
2752.57110319
2512.72348874
2428.73480481
2402.91130761
2387.49237588
2384.88911201
1949.30244347
2061.78128716
2073.8940745
1859.23413256
1824.22488082
1677.66249992
1475.1061774
1496.36205063
1473.32857545
1347.46181222
1407.52794097
1353.72210338
1394.23991879
1264.73879542
1164.74316098
1227.55014763
1086.86837461
1087.53973651
1044.86599406
972.302281142
963.203170042
1016.90432113
1323.80520804
979.739776733
915.537853201
962.967207495
825.887166401
864.995313638
790.41687585
795.445271901
758.351536598
681.20800447
685.479498221
665.770687276
658.178597808
707.142475388
618.04212871
583.50576958
545.818247626
596.970949276
562.014710055
503.75347023
509.72753356
522.417412966
488.571617528
500.041470184
464.943569341
423.507133026
461.561548811
405.567742066
437.694107086
410.783184462
398.896506466
357.024103921
337.844608309
354.193444685
313.345199341
294.711240273
308.706964578
299.715741924
264.715086428
277.053760355
298.620087576
272.228822442
246.524431531
221.00603458
230.79880618
238.226162087
215.229058701
206.904952668
220.469084739
201.395075952
210.368961276
190.313666255
188.766662799
169.575305761
168.488909788
194.215219093
193.754430265
191.503809276
188.620541251
209.726878255
153.329251937
169.339062112
167.152577648
157.084857978
150.507425295
163.340390579
158.528119453
171.335315259
162.020394162
171.518543955
146.612830185
142.215608437
159.71372286
142.466067557
133.836345461
126.236924658
119.212369773
133.100571769
130.519607699
141.410309799
122.795173036
117.159674928
119.578786622
131.839622523
147.942132472
125.964448916
118.361159973
123.52369573
101.303741129
124.370031504
117.69102891
105.096085399
113.055505923
123.194592577
114.482505188
121.929432116
145.555933195
108.919375671
108.403155481
108.420198585
116.173842005
98.3170716026
97.2772750674
110.876011865
119.167705109
130.960117893
118.239643801
103.31453868
108.231131766
108.401248239
99.5110215824
93.0680512547
101.612540447
86.1444094616
112.004757021
100.94811957
103.412242828
109.528468311
102.600038062
90.512174939
89.4978285784
106.630302483
85.2358132161
110.838804496
93.6389402999
121.397439341
95.1147509903
112.112361425
93.9344365186
100.53649699
91.135087136
87.5034840739
86.246950038
92.2936892742
98.6685520697
94.5704072106
94.2002624768
95.6298737971
87.9212110286
91.2956655159
105.466714386
88.9550522309
98.4823269013
94.4047647127
88.6648749667
93.9747558266
83.1614535186
76.649699427
80.3164168623
67.7925923685
69.8241981578
77.5426206882
71.6066136117
72.3325427033
84.0136075765
67.9452653397
63.3978671736
64.4892529867
63.6444426714
74.4047910692
82.8899941665
73.8579341647
72.7627531655
70.9842122272
46.4506785827
70.5034436297
59.4527898782
67.7680696301
68.5622070585
77.1221721727
70.637046183
64.510355795
67.005539386
82.3750041805
83.4978395356
68.9829983037
82.906787976
63.8870376249
64.6149347723
69.6097050774
66.7933242608
66.6833116524
61.6085923219
65.724211717
56.9673604921
51.6397452574
57.8565718122
59.4547172277
68.7333077286
77.0206696282
65.1980598428
73.4187090092
69.293447792
61.260150225
57.7283155755
76.4517215897
60.4901757158
53.7946038496
65.336817955
69.808890229
67.9932650592
75.7596404952
66.0478537164
59.6752762843
58.8868259393
55.0207648672
46.6421498816
56.5315704072
51.0272155148
61.5479508678
56.3109937636
72.0001384219
73.6452158203
58.892932586
58.4403046921
54.7941633166
66.3382058039
59.094717108
61.9345882427
57.3029973806
70.618366503
52.81473468
60.4906492539
57.7302411498
54.016870487
54.3246581983
52.6423256463
45.0375059004
46.1925168574
42.8355024825
40.8915989183
41.6412019654
55.6323902698
43.200846399
64.5822097158
50.4309917205
36.1157941265
42.0988085232
40.6616695769
53.7099458691
49.9759507005
45.0854229874
53.3132178425
38.2280332785
50.4744986723
57.5072683595
52.9315621814
47.9393313285
39.4326215336
51.0822800302
43.5265598792
43.3705741206
34.4341483641
45.4201326609
51.6116894828
52.0815454609
39.4765595529
43.5376507748
66.2338425444
57.0428950203
51.7288575776
46.3812434315
46.8584566688
51.0135145439
52.670024142
56.4108360463
41.8880875389
54.3660439032
57.3718240477
46.7730608535
42.4435832157
38.1639326784
51.5845120211
53.7590076728
50.6176761243
54.2053877424
36.3721454032
54.3547386857
37.8469550959
41.4518153705
43.2969619477
35.7143747578
30.9657889216
41.2647081886
35.3718004035
39.4647389494
40.8442634827
36.664887387
43.6249614982
40.4479480161
44.8345894523
38.9434953087
40.3658211117
34.061554269
39.969702973
35.0504868953
37.4371875036
40.9706223179
36.9604615881
29.9900880791
46.8848304633
29.8256157052
34.0558590992
36.4928868411
27.0924745978
30.6445428192
37.3091886158
35.7100140113
32.4508085436
28.0479229723
41.3360458958
38.3162450085
40.4328084542
27.183174144
33.9971042492
34.2371898322
23.9071709225
30.9796306906
33.6254006483
28.4999956835
27.7121274252
25.6219625201
20.7194367208
31.1775916013
22.4859038747
33.8183963388
32.2084817177
36.5457787765
23.4818529806
32.7828382682
32.6615713176
32.6345962835
31.1746063688
24.5992137655
26.018085485
33.5078385014
32.1211096833
37.7721045064
29.2246329449
30.843746985
29.051713879
32.4195350762
33.8205972614
23.8305980303
27.5333995707
22.5664513636
28.8417224153
20.8046029481
22.767456416
34.0225561026
25.4989965872
20.6065839632
30.240802578
27.4257985618
26.5611579945
32.4723173339
27.1358799914
25.5617231556
23.3996108279
29.4812900404
15.7574799136
17.512447533
27.4287903141
24.0595063776
25.8630181828
33.5931324812
26.2636331888
28.0955047679
17.8899244911
19.9398458078
20.4711284438
23.1121117156
26.0710898596
25.2872525141
29.4389300231
16.4591961754
21.1172653433
30.5877979841
26.2469116186
27.9912250361
18.4634126126
27.5989679493
19.0801154957
19.5752970302
25.1977621324
20.4598732743
24.7055241005
23.9626528068
12.5661939952
26.4169599857
26.5128644327
17.7257447984
29.8106877746
17.9813749578
20.733724114
19.1779088072
15.9033165758
21.4051493243
22.6794287609
21.400511607
23.8094678071
16.0914830414
7.94332054228
17.0626198497
11.3840037352
18.3230338329
17.576917025
20.7408741939
15.8036756753
21.8928852683
21.5158197783
16.1639979759
19.0048266115
19.5152615527
18.9125492243
16.8522968306
14.9699506476
17.0143862535
16.697014223
11.0317244086
24.457047246
13.0968694708
20.8143411543
14.7434304383
21.0679779554
20.012924067
24.5312553636
14.6277423856
10.3240865519
13.7279474903
14.3857947611
20.9245672394
20.7595469625
18.8128484483
12.491744605
10.563166484
16.7182380619
17.4477832952
12.1806003433
22.6033970089
10.6287438507
16.7727185682
14.0803439052
18.3607069502
12.2858048178
11.5178347509
5.94239586748
20.3575311984
12.3961640595
16.7567385434
17.119711983
11.6467371986
14.4232432972
14.2254295989
15.1773781399
19.559199344
9.59039767323
16.2817347761
11.6029997206
13.6690143776
16.4762369221
15.2662322785
15.2509932564
14.067445774
10.5632402745
10.1616202833
11.2767476738
12.1511427322
11.408478502
9.15687496966
6.29203730184
18.9552416397
8.17451645946
12.4656700301
16.9854713541
13.3290522235
5.86042784215
14.2222775384
11.868582979
6.75995566579
8.79360938859
17.9107281129
9.59936303135
8.2960681719
11.4358080892
12.973778404
9.34184071715
9.73600055505
6.88362568236
7.06842454912
15.6449419871
8.71632883753
10.6501797183
14.7333130677
9.23063902998
8.8607018469
5.81496447172
8.69195578008
11.7083796148
14.3724507682
14.0117696903
22.2411358303
11.1526875194
5.34654420647
7.0
5.96870837945
13.1483578803
4.32404712616
8.56534546222
7.55149217544
7.0
13.1330250298
7.8050305327
8.23243291519
11.188580908
9.17007738845
9.8086626616
3.07156880225
8.42688663503
11.8046108227
6.11704019163
12.1540097091
7.39087127039
9.26351539268
13.5632963698
7.94311699113
5.98875760271
11.9081777499
5.77454538615
5.97534987788
6.61096570969
3.90620531181
14.2302400016
10.2053206557
8.53761155949
4.93951002153
6.32222016278
7.35305586286
8.36854004779
8.01389108478
6.81210057362
4.87436754474
7.19198363513
9.16436149786
9.86101741419
7.35735552666
7.05994545396
12.4213333325
12.9935444232
1.55862122819
8.7704133975
6.30172757171
8.53927736346
8.97982809532
9.61875995797
2.0
5.28136922003
3.93709635238
10.6019972301
8.18460171876
3.0
2.35963480896
4.83746811749
5.50706290472
7.0
6.91325752132
6.46520605942
2.0
6.39832235637
3.0
8.51662786883
5.87867794238
6.71021514586
6.66752933849
5.99438295912
10.8809771876
7.65967378287
4.9438657325
6.0
9.0
5.96601012307
7.86708276158
6.38923817488
3.40623270487
5.0
3.78543993361
4.73056024838
5.85922474574
6.67449327409
1.0
7.67768485186
3.85209148057
5.84749341951
3.0
6.37204613105
3.78846747889
5.12714836952
4.75086864601
6.362542799
5.97424289748
4.59150378273
3.76730005192
9.86029341179
3.28158785765
7.67937954562
1.74376114745
5.0
7.60438889145
3.89119488288
6.12986371517
0.680918889365
2.0
5.80267390024
4.51731294245
3.0
3.0
4.0
5.0
4.78387811845
6.58692729499
7.48560228903
4.0
6.0
1.0
3.0
3.0
5.48552495806
1.0
2.73829944084
4.00387753116
9.28768165625
2.0
5.0
3.0
5.0
3.93712447508
5.0
3.72491212019
6.86086538621
2.0
2.83786592808
0.863797363815
0.0
2.0
2.9826303547
4.98428422767
2.0
2.0381654035
4.8304649734
5.69754082409
1.0
0.0
0.658275952127
2.0
2.8152746393
7.0
0.769010647129
6.0
1.0
4.52672752136
1.0
1.33644432717
2.24925025277
2.0
1.0
2.0
2.48962988702
3.0
4.03940371509
3.0
1.0
2.35281179925
5.95326489062
3.08001271697
4.0
4.06597962333
3.86131737956
1.0
6.0
4.99986704735
1.0
2.0
2.67607763777
4.0
2.0
4.58107678553
3.0
1.0
7.0
3.0
4.0
5.700480115
3.96154554596
3.82132856977
4.0
3.0
1.92513973601
3.92907048064
1.0
3.0
3.0
4.0
2.0
3.89754589279
1.0
5.0
4.0
1.60163052821
1.69220810508
1.0
5.82901039204
3.0
5.99005610727
2.747962933
3.98004176484
2.75088936942
2.0
2.0
2.0
3.67543363949
4.0
0.0
3.0
1.0
2.6424116973
3.0
3.0
1.84791320395
3.0
1.0
1.81883697328
4.88544363397
3.85626884374
4.0
2.54140714802
0.0
1.0
1.0
1.0
1.0
3.0
3.44160811669
2.0
4.51755416756
0.0
2.0
1.87349169785
1.0
1.99479607555
3.7122513477
0.0
2.0
2.0
3.0
1.0
2.0
1.0
0.0
4.0
3.0
2.0
3.0
2.0
2.0
2.70480811752
0.0
1.0
3.0
1.0
1.0
0.0
0.0
3.0
0.0
1.0
2.0
1.0
2.0
2.0
1.0
1.0
2.0
2.0
2.0
0.592610837258
1.0
2.0
0.0
1.0
4.01014258494
2.0
2.0
1.0
3.0
4.0
3.0
1.0
3.0
1.0
1.0
0.0
0.0
1.0
3.0
1.95799616217
1.0
0.0
5.88965701437
1.0
2.0
0.0
1.0
1.94972757006
0.0
0.0
1.0
0.0
2.0
1.0
0.0
0.0
2.0
1.0
2.0
3.0
2.0
0.962393813803
0.0
1.0
1.0
1.0
0.976889308162
1.0
0.0
0.0
1.0
0.0
2.0
0.0
0.0
1.0
1.0
1.0
2.0
0.0
2.0
0.0
2.0
1.0
2.0
0.0
1.0
0.0
0.0
0.0
0.0
0.0
2.0
2.0
1.0
1.0
1.0
0.0
4.0
0.0
2.0
0.0
0.0
0.0
1.0
2.0
0.0
3.4185741907
1.0
3.17463352776
0.0
1.0
1.0
0.0
1.0
0.993788736414
0.0
0.0
1.0
1.0
0.0
0.0
0.0
0.0
0.0
2.0
1.0
1.0
0.0
0.0
2.0
0.0
0.0
1.0
0.0
1.0
1.0
0.0
0.0
0.0
1.0
1.0
0.0
0.0
0.0
0.0
0.0
1.0
3.0
0.474990326842
0.0
0.0
0.0
1.0
1.0
3.0
0.0
0.0
0.0
0.0
1.0
1.0
0.0
0.0
2.0
0.0
0.0
2.0
1.0
0.0
68.1889337205
