0.0
0.0
0.0
0.0
0.0
0.0
0.0
0.0
0.0
0.0
0.0
0.0
0.0
0.0
16195.1127111
30179.1579487
30906.1866012
29449.2787757
30612.7576806
34702.1069703
39189.1421751
43247.966434
49630.4107847
54436.5453609
59994.0370301
63263.6163402
69728.252029
76980.7663914
84249.3267811
93809.3533618
100652.609084
111265.36659
119397.605342
131594.857759
145723.914858
157918.226606
165918.339182
176968.276623
191903.281571
208363.569434
220056.991911
237782.122325
249989.565025
268416.355713
286540.74232
304299.592397
323782.705792
344631.62131
365163.770655
387273.433202
409597.42642
428613.528314
450960.65227
469322.842201
484455.972214
500661.843535
514222.951407
525352.485534
535429.087611
545100.24836
550178.826472
557070.561326
564248.243584
567698.21644
574686.892932
575573.936461
578805.231887
580252.001578
580940.315553
578430.843696
579261.292194
578357.802632
578745.208093
572990.205522
568335.015261
566975.121555
560802.550657
556703.454198
550932.014809
544037.97132
533447.181109
527441.201505
518680.993015
512148.781826
501340.261187
492610.208238
483349.42277
474337.612065
463727.90498
454071.025395
445195.393124
435441.499785
427069.471369
417295.82717
406337.759187
396692.820179
388357.071348
380247.902722
371216.339649
362382.509051
353507.075995
344954.11561
335855.785617
328757.748811
319629.632687
311529.964186
303904.508512
296792.443009
289508.623411
282991.763893
276180.841537
268416.876247
262354.504149
255298.874436
250443.223139
243032.208545
236009.723638
230856.967661
223335.14099
218581.463993
214103.106794
208229.68733
202390.546888
198496.754557
191673.485878
186464.303049
183588.015601
177438.219639
172280.605566
168490.018437
165148.979176
160311.820269
156800.089086
153202.528596
148470.386898
144153.822575
142303.246804
138779.740975
135293.284993
132193.697728
127550.405588
125366.379771
122765.812186
119818.13453
117351.815292
114829.211725
112446.789389
109364.090988
107270.47852
104178.926179
102424.366841
100976.540576
98024.3224614
96109.1363377
94317.7552007
91439.7243494
90112.8233754
87808.374775
86502.2989144
84292.1749482
82438.2499213
80707.9148334
79000.9384317
77858.3215045
75833.8357613
74763.153481
72873.4651297
71961.4063843
70098.8174538
68931.1046006
67410.8950446
66182.3267857
64533.3546629
63484.4093635
61457.4033668
61108.9061268
59593.7854859
58526.0310761
57460.4165187
56286.7060092
54789.7104832
54466.9197487
53503.6348834
51579.6377511
50886.2733641
50191.9148162
49540.4786848
48408.9659253
47902.7755534
46620.9761505
45902.2316611
45080.755355
44073.0909913
43318.6228511
42604.265102
41653.4085865
41418.259252
40559.1050387
39655.1130172
38650.6143973
38409.6429104
37948.7571962
37607.819955
36565.5806103
35820.4459926
35537.0496866
34977.9773077
34346.7283161
33647.572311
32838.913107
32510.5251305
32375.3789146
31618.6027433
31109.3249163
30283.7778079
29918.1858258
29467.4768917
29417.7918905
28754.7771859
28034.1127512
27586.9322966
27312.2487981
27055.7095345
26470.1404981
26112.7218691
25695.3380348
25385.4489685
25023.606318
24705.2279058
24127.2241769
23837.4459193
23616.4946873
23582.3371658
23000.540932
22664.7774558
22045.1456012
21929.7602339
21877.905779
21616.4942135
21227.3333292
20786.4625974
20241.956721
20485.3487106
19989.7188718
19641.4497389
19371.6457473
19307.0735812
18918.6579103
18554.950894
18588.9439295
18016.4390708
17769.8104603
17511.0086097
17227.9694994
17233.4523961
16733.6516386
16700.6232463
16306.7811003
16005.1716279
15943.7961647
15744.3665027
15651.0878106
15333.9413932
15170.3589133
14801.8534623
14624.4889577
14757.6104783
14112.4686539
13936.5694456
13759.7661727
13531.7461879
13190.5753854
13184.0409403
13151.7540654
13031.8111501
12938.7868233
12700.2457498
12448.2004921
12353.9935935
12179.7750295
12018.9437472
11839.9360937
11534.5284051
11345.1450605
11167.3169365
11064.5392163
11152.2554481
10914.0459154
10829.122636
10598.5934837
10572.8212732
10181.4777845
10201.8339843
9913.88432822
9928.88880713
9813.45158117
9600.89254216
9452.20735298
9524.53451453
9349.15068628
9242.27600219
8990.38745158
8914.46812379
8895.22610944
8871.38091132
8606.8768441
8525.23122754
8432.95286953
8303.06058875
8162.83791207
8305.53495999
8042.1179481
7992.05702044
7864.53461528
7886.11513456
7451.00402169
7593.94767556
7518.73687546
7450.13793695
7272.07392571
7146.45410016
7244.20530841
7026.13304668
7061.42122125
7005.52408941
6916.02319118
6774.00755164
6811.19526977
6774.42854295
6648.4570647
6380.18129141
6462.70585371
6274.87341352
6156.85337803
6046.63711016
6174.70994212
6171.10351922
5998.17740576
5937.1305446
5925.61761073
5956.54486563
5734.24154165
5835.3511589
5473.30594341
5614.1892142
5476.44882775
5431.59853173
5429.24949357
5285.28936434
5340.97441931
5152.81735789
5121.42911328
5060.61376596
5061.1037431
4941.78811343
4895.45759199
4906.62219521
4786.92077865
4672.51468712
4542.13458207
4542.59605269
4534.92297157
4487.44503427
4354.83103655
4331.03603256
4269.7079571
4191.95456988
4123.91455743
4351.1293825
4152.60060479
4133.05485003
4150.098007
4113.65851937
3953.69411435
3981.7762958
3865.91841535
3823.51607895
3846.60126753
3880.02125461
3735.14435089
3817.36399061
3659.36055852
3572.66495815
3655.36835302
3552.68208976
3502.33090512
3485.17968924
3405.29669382
3398.49870626
3362.81422493
3434.552379
3416.86556705
3257.38392728
3198.11491013
3200.23650474
3225.40133722
3193.74628456
3079.49440907
3164.10514384
3158.17657949
3120.50761036
3063.00755454
3029.07438307
3000.46542846
2906.36596261
2892.02453251
2877.25276915
2882.20689937
2776.82118987
2739.23070637
2750.936075
2806.93543919
2773.21636416
2765.57706792
2626.44808122
2601.12838735
2596.49909073
2603.01129685
2575.51557649
2517.34712644
2500.24035563
2500.72261003
2444.15189485
2477.24947542
2413.27769226
2485.66531531
2423.59839598
2432.50647337
2357.87825622
2327.88907363
2328.817363
2357.03219987
2298.68553919
2204.2734845
2238.45509532
2255.56853574
2227.54489227
2237.9374584
2121.34907762
2220.29529031
2184.8621907
2112.54467939
2154.82615278
2119.25666019
2096.21957051
2033.65404857
1960.46381006
2011.72036542
2047.65904272
1959.79487509
2025.09997205
1891.79801254
1919.58272659
1876.99858356
1811.80492659
1826.30071788
1843.85832185
1845.29896446
1824.16672904
1806.36271889
1781.94746164
1820.03546708
1707.17078668
1807.58738054
1748.26254777
1729.78488576
1729.59359145
1721.8774197
1669.40099091
1733.66985601
1702.09770937
1632.09684155
1632.74865991
1580.06432138
1529.74568205
1640.51300453
1566.13053935
1525.15219806
1567.46694286
1586.20597786
1589.47848298
1586.84213436
1565.12320754
1559.27858954
1573.65839934
1523.55298488
1560.68253139
1528.86757513
1428.38861151
1505.50151885
1483.69279961
1471.73563158
1484.11504836
1469.7256945
1393.15919245
1399.23560606
1404.09995824
1345.04481604
1396.43531346
1401.39263352
1316.51566514
1370.17218914
1275.08247905
1269.44403774
1244.52276242
1290.73858473
1254.41338818
1305.71893346
1245.80056354
1256.87700194
1244.73080269
1228.60454328
1250.38624318
1271.92067817
1235.58507284
1177.87641632
1237.97876212
1130.96193572
1238.81867722
1223.09289974
1234.6618971
1158.5362061
1127.79513634
1085.4761518
1150.19357332
1137.78385701
1115.94425977
1133.64652428
1103.30522668
1045.00223139
1102.53494011
1092.99871616
1086.90511061
1017.42793887
1074.88920079
1058.03662601
995.639171177
1097.75833898
1019.72570273
1007.58248725
1058.64901171
1056.89062208
993.942438162
953.578652085
963.328738249
979.600417408
915.451059656
974.084809519
925.933738309
951.674335392
945.34107589
966.828828467
983.908708089
906.601584125
892.442521258
893.22941229
934.530744665
896.732398688
838.064583538
839.49262572
861.366686358
873.053477031
840.388195308
870.269202099
821.00794208
848.696727506
829.790169334
835.507096926
824.56482949
783.957113119
791.396525399
796.892836222
736.800299846
775.207004435
774.175669539
759.647800753
767.729643382
726.604175538
712.138932377
715.43411857
691.124203877
722.030413926
745.999954708
740.800895804
725.383282404
694.648299675
685.993940815
740.049929652
702.634408041
665.434113133
665.796225323
665.204340146
705.192562049
624.184506892
630.175421436
631.272467881
654.004335113
599.610887785
614.739429774
677.391410398
588.685917888
614.244770333
627.080808039
616.531108347
589.501622811
618.13263541
594.419727214
614.179284345
618.113783069
565.042479464
565.296393773
634.330015902
561.703210366
579.320385392
573.543220235
583.635797101
571.49572976
572.663295171
548.442795422
531.858062674
543.750697445
519.81657404
551.163926426
513.645168007
509.282082762
512.970519179
512.460162438
462.709719608
550.614865485
481.169855342
511.097016005
447.758782935
500.912902827
505.434126846
501.30846782
461.417977087
503.910831179
475.749718504
447.559451336
467.948500489
498.336091067
518.123873439
443.112330847
443.687165246
419.001918553
473.376699451
478.15429295
423.270428727
417.356048094
460.54292225
426.88117314
432.397737719
422.592719688
401.16384981
435.716497499
392.03107645
432.154282488
434.560229417
422.487166604
405.638937155
458.149681425
392.219114859
411.771661676
426.014786692
399.12382612
420.305524461
438.007812088
392.369918493
423.892127683
366.443879413
376.373047322
431.806093302
374.951459385
391.918782736
357.507584646
355.085975788
384.309929431
344.647625997
366.484149753
369.935974115
342.218428235
353.313175323
325.679221717
354.82558108
343.995457649
338.45112618
373.617203408
346.533548582
351.514581454
362.844566646
355.311552411
320.157228613
372.015320006
288.35954843
325.663635406
364.744232031
303.687726252
310.977892649
288.275873445
312.862224699
297.355164017
320.352226055
292.864762017
290.332258408
286.802304899
292.63632168
292.680545801
308.056494658
325.086900619
279.84402911
298.152543808
264.713798555
295.944523024
305.752544988
272.234859351
275.103282728
294.120559892
276.258201612
288.621643287
278.485864045
290.968386176
256.635882474
270.320573293
284.670878282
283.558879646
273.171421217
225.791067493
265.44944923
269.771129123
264.979865793
246.355733996
237.183173094
242.241518583
229.616530189
208.43046623
218.810469326
209.615250673
236.269829393
231.19084229
234.966527524
197.403090858
229.758433409
255.447889218
267.183856948
218.495275291
242.496899023
249.263498161
213.232169572
190.434246925
248.846994504
223.267384524
206.383485348
226.225684585
226.259263941
223.284059864
227.543515351
246.328738193
231.993015487
231.545796706
223.614688439
209.005648591
204.301412564
179.916919478
197.001095455
192.276417721
191.405816571
199.310376001
187.542612139
217.430610519
192.653992402
184.867962401
174.50910773
178.286265103
186.04227759
183.92539275
194.546282371
214.515692428
185.594229695
178.200204169
187.527322946
183.32871337
177.242261146
160.495895501
182.529230602
190.529014689
175.989724526
167.173679308
142.6231825
173.173214328
192.777629986
133.174673594
159.448521292
159.445858872
159.191687995
171.089243584
171.637085545
175.121700959
157.617063802
149.802120007
149.148303251
139.712693643
167.085402397
149.370166698
146.558515879
147.369552108
172.378566964
138.858574419
147.543504188
137.486117165
126.45942161
146.039917992
132.272245426
168.047956045
153.586068986
107.014561867
163.551011587
161.071387116
153.154993984
156.827573494
125.355786185
129.598778317
134.231091437
135.148446447
144.596791743
126.571028608
141.221756192
123.384667074
139.549040059
133.373732474
132.316578931
121.145690759
136.735990196
105.682266849
116.158153853
133.196250447
106.553993977
119.548563599
135.193871011
127.164683787
139.965938105
125.240431746
117.435378972
102.723600584
125.76335162
123.707822976
127.092410704
104.613958661
114.942418673
105.338892313
107.261669424
92.9533119839
119.287888183
95.4816804598
121.958805904
125.780910519
115.47898947
114.033868148
118.272251025
105.95128105
118.174111731
95.0966365813
113.69311342
117.343232836
117.108035517
97.8043387124
106.202463586
96.7184249265
101.851938491
116.446911554
108.338066182
105.923753309
101.214852999
77.7467587097
111.612040769
92.4458579694
121.544295558
93.8016532317
100.46391055
92.7399409626
105.812335828
94.5673518478
91.2586178016
90.4996155994
104.461346497
107.419300037
89.2078022685
95.344818992
90.6199039795
107.185066571
103.179573539
73.4884339001
80.3544905478
101.377680522
84.2136545069
79.8218869475
109.61771184
82.6720514061
66.9982555988
64.4193214721
87.775209718
68.3851600708
97.6139270801
63.2859764263
67.4975598497
61.3156085609
84.6669588274
73.4711343218
88.2954751498
72.2388816946
71.6093926416
93.2691456263
80.7942243906
96.4920212752
63.7349586351
94.0090201978
59.8105286116
59.5339546979
67.657717568
76.6901744345
81.5356201504
79.9904254052
63.9275720049
71.0778951485
70.546702761
76.0584824702
73.8157189151
76.6281286987
65.6577646724
79.4406622121
53.8892425403
55.4491543703
70.8144046731
64.4860049024
76.6124273414
68.261247388
60.3680804868
63.9059177824
72.2680026231
71.4436178325
71.1541597525
63.8233725795
74.3709694798
82.4056051103
64.6057904882
64.151431181
56.3429573825
45.6005020701
65.6414923897
52.5568349189
56.527574551
61.1812704405
55.8270659736
54.1297000532
59.5834223857
78.6127651208
74.2102966301
68.2158061178
68.8473439714
64.4883939012
65.4188630549
54.2909753095
55.8437936512
50.3382726783
49.3360310349
49.5783563204
71.2331160325
59.8681705721
48.7984039547
54.8225774125
59.7520794752
58.2581661982
54.4440738947
59.4112696541
60.1544512712
53.5045311045
53.8672458438
56.0933811569
58.5395968574
56.6105846398
50.4790784797
61.5054159778
52.729878835
60.7439997153
53.7133262123
50.4712857653
56.5037130672
50.3429423241
43.8137703994
52.8100457502
67.1141845515
62.7050531431
52.46559414
38.7365520092
49.6256131282
61.7643680163
49.8087441648
54.0443803762
50.6977094069
49.5792939963
8359.10526208
