0.0
0.0
0.0
0.0
0.0
0.0
0.0
0.0
0.0
0.0
0.0
0.0
0.0
0.0
6452.57292889
11868.4462962
10910.8440253
9718.2679044
9120.43174563
9364.17675265
9392.66929228
9515.35900648
9928.31765489
10338.5300906
10598.9320502
11443.6665521
12320.8675641
13335.7481961
14935.6773865
17069.3305891
19875.8346621
23702.1179715
27855.3362936
34084.8557572
40819.2453121
49482.3584065
57805.1871287
68094.6152255
79909.6415894
94346.3657848
108243.732638
123949.956346
138330.763188
157112.450017
176718.700238
196983.065081
219112.132998
242967.721414
266762.107955
292149.08492
318225.444513
341954.789935
367846.832296
391238.314959
410533.449728
431268.296391
449136.990524
464494.865767
478666.493183
492040.710856
501306.421412
510769.3753
520611.221851
526788.553173
535567.969418
539039.951863
544038.477035
547682.624807
550052.141977
549231.679335
551773.752302
551925.014827
553258.480151
549125.804158
545849.912367
545401.650521
539955.313245
536891.961496
531735.306074
525842.443211
516004.205646
510755.527154
502501.512352
496804.448879
486396.352904
478039.242514
469282.307825
461016.814138
450776.837961
441358.134102
433230.792417
423797.908858
415803.56769
406345.511647
395990.350226
386300.018675
378391.069972
370464.941535
361888.629574
353348.319464
344890.268975
336606.591853
327959.286769
320594.718494
311949.400135
304001.041467
296759.786991
289583.730365
282696.8052
276410.847477
269833.906781
262090.391208
256328.338129
249262.470803
244469.318182
237384.158839
230606.373311
225583.764288
218339.343787
213525.42142
209285.749977
203493.746772
197743.766998
193870.69728
187314.17122
182229.351417
179527.080048
173414.083994
168351.341436
164731.982699
161416.281664
156671.182968
153211.130035
149694.796891
145034.415962
140955.025851
139135.941714
135666.84268
132283.588707
129254.292805
124698.495755
122532.430888
120003.314242
117133.343604
114723.897653
112205.892776
110023.306876
106961.053371
104782.305565
101842.524454
100170.218614
98710.090804
95804.3468343
93936.0812237
92207.2312742
89424.9552855
88020.7208828
85851.5155187
84575.3758089
82386.1804511
80577.8622392
78916.342907
77225.9880225
76147.4500153
74184.6899815
73138.6591626
71240.3771576
70353.7406129
68588.8229699
67376.5056221
65922.3625501
64721.8756466
63115.5445409
62114.2577299
60178.7946093
59835.5483988
58250.2438899
57236.466147
56221.8952009
55053.949779
53596.0472571
53251.1753219
52297.3180547
50448.0064208
49701.8152105
49097.3188259
48382.7617335
47375.6483394
46844.158753
45630.8227216
44821.9789234
44022.2593458
43052.7283599
42288.2735757
41608.5692702
40712.5252891
40412.3988088
39617.2313097
38745.4427638
37773.9478995
37514.3847123
37046.3970342
36734.5594591
35693.5990372
34995.0487073
34715.9422832
34131.3989556
33564.2616868
32862.4922007
31987.9221895
31752.4195094
31609.2768463
30892.2014061
30385.5177179
29586.0045034
29225.0473535
28788.7115026
28783.2628746
28120.246985
27393.534206
26949.3964523
26673.6772622
26418.6526209
25830.9966136
25487.9807488
25085.0365122
24821.3757507
24489.3033885
24127.7581334
23543.9278405
23323.1015068
23035.0705404
23016.3067518
22470.7006628
22171.5715513
21529.7735688
21404.1545494
21362.0708455
21115.0876759
20750.7569084
20327.7218063
19781.7498131
20000.9947385
19561.3253948
19195.7509047
18937.1231595
18851.8054268
18509.8556319
18111.5465289
18187.6508077
17574.7350041
17380.4053852
17121.0207007
16803.1028737
16874.2351932
16344.6488031
16353.5762785
15940.7583553
15665.4106824
15587.0786424
15383.3955143
15268.8448994
14971.3918169
14823.3886662
14453.1482768
14277.4610668
14426.2577923
13790.8089367
13630.3466337
13450.050923
13208.7778038
12890.4465665
12868.3379722
12853.8245868
12726.1658769
12627.7854656
12402.258088
12169.7177397
12097.45093
11885.9489194
11757.2703316
11559.7015624
11272.7924369
11121.8686109
10898.8487557
10835.2405628
10921.5577243
10682.2214289
10614.6422241
10330.6635461
10361.1430693
9974.29078467
9982.12453272
9693.13055753
9693.03857718
9576.68579163
9409.917944
9232.71953165
9306.74040123
9143.01091687
9042.36660535
8777.74024622
8719.69804165
8683.19432394
8685.62149934
8424.0645077
8386.92562045
8268.73664646
8123.39222353
7967.62614141
8133.27685976
7853.64467846
7804.0292736
7694.21250681
7722.41355556
7287.56902039
7427.75254045
7360.72811845
7287.09747967
7110.66113031
6982.44306654
7056.22813026
6871.36495261
6917.14502529
6855.78004222
6781.0575652
6638.48802131
6669.68487907
6639.02826083
6524.69107819
6259.35047497
6311.97710201
6145.3728926
6027.58659329
5911.55547705
6042.02399008
6043.53888755
5873.44629984
5791.35790784
5786.51322675
5845.34757784
5595.0009716
5713.62391227
5358.94099758
5484.60508832
5380.3811933
5323.68624935
5312.15014117
5171.57026402
5229.92569245
5041.84520813
5023.51409655
4955.20236516
4952.64014096
4851.62836449
4797.89100728
4804.87971118
4687.36171311
4576.59860971
4443.17997079
4455.68311379
4455.34565993
4407.05442657
4280.7588594
4242.51839155
4174.19281161
4106.66654692
4041.54137751
4255.20959061
4070.08815005
4043.47347103
4060.17561383
4020.16269889
3880.92157449
3895.83608807
3774.18140462
3742.33049014
3766.42902218
3793.57143202
3646.57806302
3727.91125081
3586.65610768
3505.18219471
3572.47043609
3481.43337814
3435.74596364
3399.44364534
3346.38609691
3323.76203922
3293.56167337
3362.86282042
3346.4150572
3187.98816546
3135.4533319
3137.80091756
3158.61704384
3125.17775285
3007.91539843
3099.14351988
3090.35909
3040.27636262
2990.43622321
2959.58712356
2921.71953169
2837.73786099
2822.65271346
2808.07156808
2820.15180039
2708.99694228
2687.59714267
2688.21351328
2760.12229724
2713.50919789
2695.13318162
2557.85054023
2539.43944241
2533.50988158
2551.28989031
2504.3606314
2447.99659318
2441.99482127
2437.57013566
2387.70292469
2432.76320854
2361.22871882
2425.66599645
2358.61703454
2370.87459199
2301.19838455
2270.82984777
2278.67197814
2303.50885454
2242.05098885
2143.04573537
2188.88257915
2206.8965048
2190.55352394
2191.51288885
2064.24502343
2156.53194566
2143.77566027
2069.11134901
2105.45764563
2066.28944685
2054.37865244
1984.29285379
1914.78546442
1970.37128721
2004.14344328
1915.48512741
1979.77619741
1849.85458004
1879.59880579
1824.15922243
1762.24826373
1776.15364949
1796.81665329
1805.03307623
1786.93470775
1771.80313284
1737.96351798
1778.16128773
1655.72781685
1767.75515461
1703.62917363
1683.24285877
1688.72152701
1687.39100441
1629.20433838
1691.79194664
1662.41563971
1586.71144517
1604.00452445
1546.91975382
1499.39410709
1606.13183909
1527.96050139
1490.36187411
1532.75517283
1545.5540109
1557.10151132
1549.9262578
1530.40877708
1520.7016047
1540.13330188
1487.54853355
1516.75376346
1499.63167159
1399.05353395
1470.19039522
1450.10885145
1438.63178943
1447.31984972
1441.69120941
1363.98979867
1375.87455315
1370.04505686
1317.7167078
1364.69476836
1377.1605764
1296.5457675
1338.57852228
1244.69856956
1240.9516734
1218.5437361
1263.68817339
1224.64599869
1279.43752364
1223.08200701
1228.21158471
1219.93553113
1200.42929549
1230.01900198
1249.52238925
1198.63368013
1148.99683135
1208.7028713
1119.41781294
1213.34852897
1195.96005073
1215.66619753
1134.95880229
1105.91689264
1067.32313185
1129.6905631
1111.12598268
1092.55628642
1107.50103536
1076.93134437
1033.25178308
1078.37489162
1072.68155405
1066.52890915
986.021835305
1058.18455856
1032.52508174
960.997821718
1076.80839227
992.619199506
981.662133941
1030.39419529
1036.15867923
972.297235254
927.278635767
940.189418195
960.094171529
884.113823917
958.022326385
903.615968348
927.899736018
928.88669714
951.81156649
962.88003063
891.839515322
868.609180512
873.077496942
919.142394276
878.483665996
820.169208589
816.068655928
844.724668183
859.693247653
827.877909913
845.359693054
801.201736491
831.555426264
805.530212219
810.996712533
811.528082759
771.54273486
777.267706449
787.492178018
720.817108932
761.89960575
752.452765489
742.380272828
757.451699951
713.259979969
702.037963562
703.643092781
678.043275175
711.031905337
733.966489411
731.831611775
711.245662841
678.795421747
670.380574938
726.134608142
688.246552505
650.082795695
656.11704583
649.757632763
692.393653779
608.803481915
615.675037044
621.592721199
644.350073951
589.909440139
602.77876714
664.349375085
577.445753365
599.200367219
611.974993936
609.179599106
580.63102825
605.259890786
579.101866893
603.031102832
607.565255272
552.73150188
552.859544689
621.125236205
541.585351511
567.949862752
556.055798558
568.163785908
560.348045613
553.864098849
534.719218663
525.601107878
532.527388153
507.833327231
544.780029751
504.122898254
497.556533333
506.417337165
501.965535201
456.575492325
542.264892929
469.629038807
503.401234854
442.849077779
487.324502256
500.185006276
494.021679335
455.048330561
491.370423603
467.553094404
435.382007509
457.481563505
490.594004662
508.360964357
437.09971655
438.049400475
412.26781231
464.031373598
463.941105511
417.037019013
411.393910673
448.545467851
424.796631616
426.435886218
417.288076621
395.770173292
427.018867512
386.357258583
425.712677182
420.634208089
415.880937342
402.412836664
451.170788349
386.295281122
403.28006889
417.211173194
395.320173007
412.170561322
435.664548156
388.461903881
418.786811536
363.611044217
367.305913689
423.646243396
369.453269404
386.002114639
351.290878495
349.184148707
378.44310003
335.282373773
359.292205914
360.192859751
338.642721524
344.45837726
323.341817183
350.534500296
337.228727432
333.574360321
365.805937676
341.283068902
344.495064363
359.437965023
351.423923665
312.304249845
367.885722969
281.706305993
320.35765616
359.277910078
298.831276251
305.368098763
283.798778852
310.404907072
290.678983469
317.567522978
287.76945469
283.930222599
282.55161313
290.866162818
291.81986775
300.909145437
321.486187267
274.707861074
294.930230748
261.014423376
292.68788459
301.900124508
269.900736283
271.170570424
289.570384542
272.733398742
286.908842652
274.83261435
286.765559933
250.890366061
263.936106554
278.349889521
278.045762895
269.824347822
224.18513414
262.958813471
265.668796101
256.671864348
244.12411694
232.249806767
241.070289209
224.926291729
204.903022363
218.205600251
202.869839059
233.165073784
227.981696787
231.913159406
192.028167941
228.174648704
252.00997074
264.864246039
215.129817015
234.947848248
247.84126273
208.009946624
187.358119661
243.871360998
220.604617087
202.003792126
221.145963531
222.287957261
219.935866764
222.937231777
245.659671022
228.15868534
226.757016723
219.723978972
204.83677386
202.077227244
174.156508339
192.069051276
186.145019132
188.020374236
196.855214837
184.23937755
213.98143451
189.692363345
182.385397363
169.412193404
174.308978832
181.664085618
179.036870135
191.008816432
211.747807077
183.350805132
175.016865636
184.307322185
180.979304619
176.3447615
158.159335359
179.292860894
188.315356271
174.349182473
167.173679308
138.506627022
167.425036224
188.973066376
132.28248367
156.134730728
156.378235
158.30758988
169.353937464
167.893206561
175.121700959
155.458494993
145.180629582
144.404223595
134.594689797
162.468163674
146.266860526
144.540388441
145.39365174
167.365728558
137.25894833
145.258047885
134.750702286
123.52323388
145.160040323
127.435948484
167.265902072
150.341093165
103.601470647
161.359398818
158.306318153
150.184497736
155.335929376
125.355786185
127.161434402
130.12355899
133.154591999
142.107771252
123.431546024
141.221756192
121.311181869
137.228171979
130.491969831
130.559247382
120.397409513
134.349974051
101.540989677
115.548039241
132.455406732
103.502233263
115.319342615
133.461694216
126.361920776
137.331695333
123.572749442
113.47829793
99.651690299
120.559449511
121.435302812
121.442950483
103.72811561
110.553687988
104.576545627
104.629551679
90.4154800994
114.551378952
94.5122457251
116.263139747
122.538842477
113.743054112
111.666916236
117.375381443
104.514857916
115.632424378
92.5689548586
113.119779425
115.791079121
113.544907952
95.6587183899
104.5418939
93.6918056364
99.598364695
115.607178559
106.593279141
103.61344935
99.5130362075
75.5144292113
109.61223343
90.7669868503
119.633155717
92.4955384003
96.6261132557
90.4852390479
102.585643354
93.7190137779
89.6189221362
89.6172026705
103.631097627
105.729275905
88.6646819803
94.4455527215
90.6199039795
106.368978083
102.301898471
72.6005807734
78.5664716515
98.3960929746
83.3358836682
74.66632214
109.61771184
82.6720514061
65.7588018973
62.6666747314
87.775209718
68.3851600708
95.4980083067
62.8452702738
66.6975474741
58.7899241297
84.6669588274
71.7150809394
86.6250668428
71.7123931405
69.8779080982
90.631549321
78.6448848471
95.6999232801
60.615109897
93.440962794
58.9461964855
58.6936259011
65.9345861719
76.6901744345
81.5356201504
77.6362058891
59.6953661339
69.8985602993
69.7163024189
73.6746547921
73.8157189151
75.7755286543
64.7794220307
77.7738999365
53.8892425403
54.6183277189
70.8144046731
62.7482921212
75.7237004366
66.8345394714
59.6285675356
62.7577640347
68.7363822977
70.6956248837
69.5841428851
62.4715144082
73.5590656068
81.6311544658
63.7212010991
61.8268778686
55.6833606066
44.8122061006
64.8087934325
50.8071539312
55.6459234507
59.655322293
55.8270659736
52.7797282801
58.8803407257
78.6127651208
72.7614633489
65.6453437341
68.8473439714
62.8316345519
64.6940329703
53.7482397114
55.8437936512
49.6825018533
46.8224216497
48.8725905181
68.8546431719
59.8681705721
48.7984039547
54.8225774125
59.7520794752
55.6522259254
52.8191379058
57.6868983014
57.8006942427
52.8710630256
53.8672458438
54.4812791343
56.8909528863
55.7339436303
48.7913748527
60.6549896704
51.8306511822
60.7439997153
52.8247585723
47.8964807945
55.6516803878
48.7120724335
43.8137703994
49.8486654342
65.8283956704
58.8809401647
50.8008988289
37.8997110406
48.7850630981
61.7643680163
45.8328335484
52.7629218403
49.8002303283
48.7193845268
8207.66106464
