0.0
0.0
0.0
0.0
0.0
0.0
0.0
0.0
0.0
0.0
0.0
0.0
0.0
0.0
0.0
0.0
0.0
0.0
0.0
0.0
6.92026310304
5.10428696844
11.9516639591
14.8479856879
18.4575411428
25.1676654789
17.4300874701
25.2478603893
39.2243056926
28.2813758291
35.1104054497
43.3267849143
29.4808888543
36.6887746794
49.9785597859
53.0638638507
63.6400206911
61.547298987
45.8312717964
48.6871355655
68.7017426612
61.2114388304
38.5288529282
28.9298999565
45.0172272345
29.4701737791
40.4447604368
33.9723814783
31.1918414081
26.7943947506
33.8824098649
18.6652201596
21.1727263766
20.6809762794
28.3961105597
42.6549436302
20.9356397481
11.7448529685
13.3289955083
21.113876832
19.2329638619
19.3597409634
23.8589190065
51.7153355786
39.7349011967
19.1122858183
15.6522274713
14.1944228296
16.3194342788
23.930832444
32.5896701444
29.7318751494
23.5386852517
14.9339601168
35.509021105
50.2946606942
39.0710999768
36.2214027254
23.0848982836
19.4242900497
12.8769445283
10.8184400302
10.0646297408
10.5315040693
5.4800860266
8.01534873375
5.49084268462
12.559582268
7.28241210738
4.42374080677
17.2407977453
13.4212989306
9.15419892981
8.75254406876
11.3857756136
3.26572630063
6.88052741861
8.31903802536
9.00464256941
7.09344386834
4.97755674995
4.15795264555
6.07273487358
2.14086976918
6.77860389433
5.08898948429
3.18288782294
2.32290257966
5.07084241485
2.41575277448
2.17756224438
7.21357132773
10.1019483366
2.47100447422
3.86879666246
3.96306588581
2.26499715709
2.81826911884
3.60880339323
0.99410972822
2.53898354472
6.84445473363
8.50998808156
6.9912321576
2.18301893541
0.0
1.72644833206
3.73781977973
3.53526452113
5.31024854368
6.48119396001
11.8229915923
6.19720592924
6.01470838999
5.37190692409
3.30410394965
5.12847737783
9.87289989861
2.0
13.4936955258
3.66525497801
12.3717155742
6.24890188083
0.621524320319
0.0
2.64602592469
1.0
3.40705180453
8.03844043554
1.82517652337
2.56733674294
5.36049598324
5.13045733551
3.0
5.0
2.27555403983
1.98307415788
1.85527273192
3.0
1.0
0.755798297031
5.12932634632
0.0
0.0
4.37618518591
5.36682395137
0.883557449867
3.37915972441
3.60255916269
6.65625344723
1.76636112312
6.34020394817
2.87107020955
7.23807684456
2.38887955373
0.0
0.734061535126
0.0
5.33094758432
0.0
0.964353848254
2.5756584204
0.883876514534
1.0
0.0
0.783369328191
0.0
1.76190150405
0.910605189754
2.0
0.0
1.0
2.63443621812
2.46499381575
4.72134904844
4.0
2.0
2.76579118934
2.626846322
0.0
2.0
1.68287350151
2.0
1.87805287715
5.80001973389
5.42144157557
12.3169905858
5.05786722395
0.880933531876
1.0
0.0
0.638185683921
2.71788545278
0.884606476495
2.67169610414
1.0
1.57369757931
0.980960387894
0.0
1.33869868933
1.83921954519
0.0
0.0
0.0
0.698906964397
0.0
0.739330194945
0.0
1.54212119785
2.57371695273
0.0
1.0
0.997344541114
0.9526756671
0.0
1.6227645068
2.0
0.0
0.0
0.0
0.720909845994
0.751769027265
1.85122904338
2.0
1.79383753531
0.610737186681
1.76345250663
0.0
0.0
0.0
1.0
0.611219149719
1.0
1.0
1.84354385729
0.835486524456
0.988703295454
2.73507082721
0.0
3.71974707382
1.70003841085
2.63818572591
4.38006435997
1.0
0.855656440845
0.969177295312
0.0
1.74925118249
1.47343767747
1.0
0.666099867893
1.99536053781
2.0
1.0
0.0
0.0
3.49987732269
0.0
0.636991597565
0.0
1.64063644678
0.724700331892
1.0
1.76213785975
1.0
0.0
0.714402102022
1.0
1.8049239496
1.75759456767
0.852028731768
1.0
0.0
0.622376407778
0.0
1.0
0.0
2.0
0.0
0.0
0.0
0.0
1.46838743414
0.976964048129
1.0
0.0
1.81060254891
0.0
1.53595682322
0.0
0.0
1.0
0.0
2.77745383011
0.626879707721
0.0
0.0
0.0
0.0
2.0
1.0
0.0
0.0
0.0
1.0
0.0
1.0
1.99823404106
0.0
1.0
0.0
0.0
0.0
1.0
0.0
0.0
0.0
1.0
0.685049250765
1.0
0.0
0.0
0.0
0.0
0.0
0.998855959704
0.0
0.0
0.0
0.0
0.0
0.0
0.0
1.99726646421
0.998637613157
0.0
2.48654161576
0.0
1.0
0.0
3.92576711409
2.0
3.61245254099
2.0
0.0
0.0
0.0
0.0
0.0
0.0
0.0
0.0
0.0
0.0
0.0
0.0
0.973489629508
0.0
0.0
0.0
0.0
0.0
1.0
1.0
0.0
0.0
0.0
0.0
0.0
0.0
0.0
0.0
0.0
0.0
0.0
0.0
0.0
0.0
0.790450255876
0.0
0.0
0.0
0.0
0.0
0.0
0.0
0.0
0.0
0.0
0.0
0.0
0.961060584226
0.0
0.0
0.0
0.0
0.716935592278
0.0
0.0
0.0
0.0
0.0
0.0
0.0
0.0
0.0
0.0
0.0
0.0
0.0
0.0
0.674394972281
0.0
0.0
0.0
0.0
0.0
0.0
0.0
0.0
1.0
0.0
0.0
0.0
0.0
0.0
0.0
1.0
1.0
0.0
0.0
0.0
0.0
0.0
0.689387325553
1.99710511889
0.0
0.0
0.0
0.0
0.0
0.0
0.0
1.0
0.0
0.0
0.0
0.0
0.0
0.0
0.0
1.0
0.0
0.0
1.0
0.0
0.0
0.0
0.0
0.0
0.0
1.0
0.0
0.0
0.0
0.0
0.0
0.0
0.0
0.0
0.0
0.0
0.0
0.0
0.0
0.0
0.0
0.0
0.0
1.67937629892
0.0
0.0
0.0
0.0
0.0
0.0
0.0
0.0
0.0
0.0
0.0
0.0
0.0
0.0
1.0
1.0
0.0
0.0
0.0
0.0
0.0
0.0
0.0
0.0
0.0
0.0
0.0
0.0
0.0
0.0
0.0
0.0
0.0
0.0
0.0
1.0
0.0
0.0
0.0
1.0
0.0
0.0
0.0
0.0
0.0
0.0
0.0
0.0
0.953131379856
0.849092005154
0.0
0.0
0.637442445126
0.0
0.0
0.0
0.0
0.0
0.0
0.0
0.0
0.0
0.0
0.0
0.0
1.0
0.656117845393
0.0
0.0
0.0
0.0
0.0
0.0
0.0
1.0
0.0
0.0
1.0
0.0
0.0
0.0
0.0
0.0
1.0
0.0
0.0
0.0
0.0
0.0
0.0
0.0
0.0
0.0
0.0
0.0
0.0
0.0
0.0
0.0
0.0
0.0
0.0
0.0
0.0
0.0
0.0
0.0
0.0
0.0
0.0
0.0
0.0
0.0
0.0
0.0
0.0
0.0
0.0
0.0
0.0
0.0
0.0
0.0
0.0
0.0
0.0
0.0
0.0
0.0
0.0
0.0
0.0
0.0
0.0
0.0
0.0
0.0
0.0
0.0
0.0
0.0
0.0
1.0
0.0
0.0
0.0
0.0
0.0
0.0
0.0
0.0
0.0
0.0
0.0
1.0
0.0
0.0
0.0
0.0
0.0
0.0
0.0
0.0
0.0
0.0
0.0
0.0
0.0
0.0
0.0
0.0
0.0
0.0
0.0
0.0
0.0
0.0
0.0
0.0
0.0
0.0
0.0
0.0
0.0
0.0
0.0
0.0
0.0
0.0
0.0
0.0
0.0
0.0
0.0
0.0
0.0
0.0
0.0
0.0
0.0
0.0
0.0
0.0
0.0
0.0
0.0
0.0
0.0
0.0
0.0
0.0
0.0
0.0
0.0
0.0
0.0
0.0
0.0
0.0
0.0
0.0
0.0
0.0
0.0
0.0
0.0
0.0
0.0
0.0
0.0
0.0
0.0
0.0
0.0
0.0
0.0
0.0
0.0
0.0
0.0
0.0
0.0
0.0
0.0
0.0
0.0
0.0
0.0
0.0
0.0
0.0
0.0
0.0
0.0
0.0
0.0
0.0
0.0
0.0
0.0
0.0
0.0
0.0
0.0
0.0
0.0
0.0
0.0
0.0
0.0
0.0
0.0
0.0
0.0
1.0
0.0
0.0
0.0
0.0
0.0
0.0
0.0
0.0
0.0
0.0
0.0
0.0
0.0
0.0
0.0
0.0
0.0
0.0
0.0
0.0
0.0
0.0
0.0
0.0
0.0
0.0
0.0
0.0
0.0
0.0
0.0
0.0
0.0
0.0
0.0
0.0
0.0
0.0
0.0
0.0
0.0
0.0
0.0
0.0
1.0
0.0
0.0
0.0
0.0
0.0
0.0
0.0
0.0
0.0
0.0
0.0
0.0
0.0
0.0
0.0
0.0
0.0
0.0
0.0
0.0
0.0
0.0
0.0
0.0
0.0
0.0
0.0
0.0
0.0
0.0
0.0
0.0
0.0
0.0
0.0
0.0
0.0
0.0
0.0
0.0
0.0
0.0
0.0
0.0
0.0
0.0
0.0
0.0
0.0
0.0
0.0
0.0
0.0
0.0
0.0
0.0
0.0
0.0
0.0
0.0
0.0
0.0
0.0
0.0
0.0
0.0
0.0
0.0
0.0
0.0
0.0
0.0
0.0
0.0
0.0
0.0
0.0
0.0
0.0
0.0
0.0
0.0
0.0
0.0
0.0
0.0
0.0
0.0
0.0
0.0
0.0
0.0
0.0
0.0
0.0
0.0
0.0
0.0
0.0
0.0
0.0
0.0
0.0
0.0
0.0
0.0
0.0
0.0
0.0
0.0
0.0
0.0
0.0
0.0
0.0
0.0
0.0
0.0
0.0
0.0
0.0
0.0
0.0
0.0
0.0
0.0
0.0
0.0
0.0
0.0
0.0
0.0
0.0
0.0
0.0
0.0
0.0
0.0
0.0
0.0
0.0
0.0
0.0
0.0
0.0
0.0
0.0
0.0
0.0
0.0
0.0
0.0
0.0
0.0
0.0
0.0
0.0
0.0
0.0
0.0
0.0
0.0
0.0
0.0
0.0
0.0
0.0
0.0
0.0
0.0
0.0
0.0
0.0
0.0
0.0
0.0
0.0
0.0
0.0
0.0
