0.0
0.0
0.0
0.0
0.0
0.0
0.0
0.0
0.0
0.0
0.0
0.0
0.0
0.0
0.0
0.0
0.0
0.0
0.0
0.0
11.4599147253
15.2298157439
12.1403220136
13.7918184908
13.8677325956
17.3481038487
10.9748815418
12.2009848235
14.798586028
14.4951958294
15.067277377
12.51149425
9.22274412596
12.2787324842
15.1779429259
12.2376232251
9.83424540761
8.00592571992
7.70549014541
8.23018584126
9.02700265392
15.631254047
8.79421472366
6.55174685922
6.4149945877
8.35826500584
10.2685150658
4.71761902775
7.84699033156
9.60838753563
5.46963578013
3.82757034583
4.35593553176
4.80917685593
3.9297105417
4.17439713315
5.27018123167
5.12533671958
4.15583278346
6.88187958524
5.33120341723
4.02638558294
2.31643835774
3.79609777501
8.50722784914
5.21657512952
3.47128085983
4.16472073913
1.25036324691
4.03741833606
4.63635493415
3.54246886779
4.24515518346
0.867934908775
2.81638399846
5.26909293367
2.9879794798
3.42707281941
3.73872801043
1.91158097842
1.49695901222
1.02797574915
1.49867334767
0.232615415205
1.57545247136
1.53635629533
1.27879379228
0.844519211191
1.38455734115
0.618497534596
4.19984231338
0.546117992251
0.651574231445
2.5565515954
0.411149747936
1.24755423141
0.0974557156493
0.0603896567899
0.763932578792
2.27122236626
0.337401932521
0.224256299487
1.5479165565
0.531762285899
0.670896329464
3.15044773361
0.901145921357
0.373161828869
2.80165183466
0.756591166016
1.34441707184
1.14569754657
1.66400553597
0.756521282162
0.518620421873
1.25398739242
0.151648157273
1.06641306084
0.924744745386
0.447141100028
1.56689568264
1.42812760113
1.46289211341
1.33564804819
0.746219780328
0.326837944435
1.0245803661
0.455455436104
2.91771328765
3.50310408202
1.51441280039
4.27708315061
1.29614412484
0.201469178764
0.3087556958
0.241467610885
1.05340905086
1.33917405115
0.152834438693
1.90454358552
0.0
0.126800350256
0.805643815809
0.0
0.161791061606
0.417349495366
0.524048508918
0.269614264964
0.0478900573983
0.742495057897
0.600564701412
0.0
0.538996671395
1.0
0.0
0.0627796719007
1.06130648672
0.233882580984
0.0
0.0
0.0
1.0
0.203510491908
0.0
2.35579032484
1.01731382351
0.0
1.86609788592
1.39692597211
1.2427042011
0.180921305447
2.24639727326
0.579671052457
1.31578202252
0.206532436943
0.0
0.0
0.0483475337967
0.169751374562
0.0
0.0
1.0
0.0636753675612
0.142889578671
0.0
0.613667504351
0.0
0.0
0.130807298397
1.13064046212
0.0510628352854
0.0
2.0
0.0
1.0
1.14272262441
0.0
0.0
0.5409412242
0.0930174446842
2.0
0.205199707273
0.0
0.0
1.58579694683
0.0499619038523
0.715793707396
0.578811027899
0.776043887583
0.0
0.0
0.293886322984
0.0
0.0
0.0979940924211
0.16920711578
0.0
0.0695728400571
0.118270820734
0.0
0.0
0.0
0.0
0.0
0.155672178509
0.0
0.0
0.0
0.717445374025
0.0
0.0
0.0
0.0
0.0
0.0
0.0
1.0
0.0
0.0
0.0571228592824
0.519711006051
0.0
2.00540281946
1.14762412313
0.250497823971
0.0
0.0
0.0
0.0
0.04911544563
0.0
0.0493846285392
0.321150058777
1.0
1.0
0.0
0.0
0.0
0.193770365266
0.0
0.0
0.0
1.12450123571
0.0
0.239450991766
0.0
0.0
0.0
0.0
0.0
0.0
0.128465889028
0.0
0.0
0.0
0.247291288658
0.616413601916
0.0
0.0
0.0
0.0
0.0
1.0
1.0
0.0
0.0
0.0
0.0
0.647902564633
0.573949528956
0.0
0.0
0.0
0.0
0.0
0.0
0.0
0.0
0.0
0.0
0.081750774519
0.0
0.0
0.0
0.0
0.0
0.0
0.0
0.49233196999
0.0
0.0
0.26118907044
0.0
1.0
0.0
0.0
0.0
0.0
0.0
0.0
0.0
0.0
0.0
0.394427223535
0.0
0.0
0.0
0.450907618866
0.0
0.0
0.0
0.0
0.0
0.0
0.0
0.0
0.0
0.0
0.0
0.0
0.0
0.0
0.0
0.0
0.0
0.0
0.0
0.0
0.0
0.0
0.0
0.0
0.0
0.258484127251
0.0
0.0
0.0
0.0
1.12069854821
0.0
1.0
0.0
0.0
1.0
0.0
0.0
0.0
0.0
0.0
0.0
0.0
0.0
0.0
0.0
0.0
0.0
0.0
0.0
0.0
0.219350187018
0.0
0.0
0.0
0.0
0.0
0.0
0.0
0.0
0.0
0.0
0.0
0.0
0.0
0.0
0.0
0.0
0.0
0.0
0.0
0.0
0.0
0.0
0.152791394999
0.0
0.0
0.0
0.0
0.0
0.0
0.0
0.0
0.0
0.0
0.0
0.0
0.0
0.0
0.0
0.0
0.0
0.0
0.0
0.0
0.0
0.0
0.0
0.0
0.0
0.0
0.0
0.0
0.0
0.0
0.0
0.0
0.0
0.0
0.0
0.0
0.0
1.0
0.0
0.0
0.0
0.0
0.0
0.0
0.0
1.0
0.0
0.0
0.0
0.189213536603
0.0
0.0
0.0
0.0
0.0
0.0
0.0
0.0
0.0
0.0
0.0
0.0
0.0
0.0
0.0
0.0
0.0
0.0
0.0
0.0
0.0
1.0
0.0
0.0
0.0
0.0
0.0
0.0
0.0
0.0
0.0
0.0
0.0
0.0
0.0
0.0
0.0
0.0478211782381
0.0
0.0
0.0
0.0
0.0
0.0
0.0
0.0
0.904407163965
0.0
0.0
0.0
0.0
0.0
0.0
0.0
0.0
0.0
0.0
0.0
0.0
0.0
0.0
1.0
1.0
0.0
0.112035950705
0.0
0.0
0.0
0.0
0.0
0.0
0.0
0.0
0.0
0.0
0.0
0.0
0.0
0.0
0.0
0.0
0.0
0.0
0.0
0.0
0.0
1.0
0.0
0.0
0.0
0.0
0.0
0.0
0.0
0.0
0.908459427266
0.0
0.0
0.0
0.0
0.0
0.0
0.0
0.0
0.0
0.0
0.0
0.0
0.0
0.0
0.0
0.0
1.0
0.0
0.0
0.0
0.0
0.0
0.0
0.0
0.0
0.0
0.0
0.0
1.0
0.0
0.0
0.0
0.0
0.0
0.0
0.0
0.0
0.0
0.0
0.0
0.0
0.0
0.0
0.0
0.0
0.0
0.0
0.0
0.0
0.0
0.0
0.0
0.0
0.0
0.0
0.0
0.0
0.0
0.0
0.0
0.0
0.0
0.0
0.0
0.0
0.0
0.0
0.0
0.0
0.0
0.0
0.0
0.0
0.0
0.0
0.0
0.0
0.0
0.0
0.0
0.0
0.0
0.0
0.0
0.0
0.0
0.0
0.0
0.0
0.0
0.0
0.0
0.0
0.0
0.0
0.0
0.0
0.0
0.0
0.0
0.0
0.0
0.0
0.0
0.0
0.0
0.0
0.0
0.0
0.0
0.0
0.0
0.0
0.0
0.0
0.0
0.0
0.0
0.0
0.0
0.0
0.0
0.0
0.0
0.0
0.0
0.0
0.0
0.0
0.0
0.0
0.0
0.0
0.0
0.0
0.0
0.0
0.0
0.0
0.0
0.0
0.0
0.0
0.0
0.0
0.0
0.0
0.0
0.0
0.0
0.0
0.0
0.0
0.0
0.0
0.0
0.0
0.0
0.0
0.0
0.0
0.0
0.0
0.0
0.0
0.0
0.0
0.0
0.0
0.0
0.0
0.0
0.0
0.0
0.0
0.0
0.0
0.0
0.0
0.0
0.0
0.0
0.0
0.0
0.0
0.0
0.0
0.0
0.0
0.0
0.0
0.0
0.0
0.0
0.0
0.0
0.0
0.0
0.0
0.0
0.0
0.0
0.0
0.0
0.0
0.0
0.0
0.0
0.0
0.0
0.0
0.0
0.0
0.0
0.0
0.0
0.0
0.0
0.0
0.0
0.0
0.0
0.0
0.0
0.0
1.0
0.0
0.0
0.0
0.0
0.0
0.0
0.0
0.0
0.0
0.0
0.0
0.0
0.0
0.0
0.0
0.0
0.0
0.0
0.0
0.0
0.0
0.0
0.0
0.0
0.0
0.0
0.0
0.0
0.0
0.0
0.0
0.0
0.0
0.0
0.0
0.0
0.0
0.0
0.0
0.0
0.0
0.0
0.0
0.0
1.0
0.0
0.0
0.0
0.0
0.0
0.0
0.0
0.0
0.0
0.0
0.0
0.0
0.0
0.0
0.0
0.0
0.0
0.0
0.0
0.0
0.0
0.0
0.0
0.0
0.0
0.0
0.0
0.0
0.0
0.0
0.0
0.0
0.0
0.0
0.0
0.0
0.0
0.0
0.0
0.0
0.0
0.0
0.0
0.0
0.0
0.0
0.0
0.0
0.0
0.0
0.0
0.0
0.0
0.0
0.0
0.0
0.0
0.0
0.0
0.0
0.0
0.0
0.0
0.0
0.0
0.0
0.0
0.0
0.0
0.0
0.0
0.0
0.0
0.0
0.0
0.0
0.0
0.0
0.0
0.0
0.0
0.0
0.0
0.0
0.0
0.0
0.0
0.0
0.0
0.0
0.0
0.0
0.0
0.0
0.0
0.0
0.0
0.0
0.0
0.0
0.0
0.0
0.0
0.0
0.0
0.0
0.0
0.0
0.0
0.0
0.0
0.0
0.0
0.0
0.0
0.0
0.0
0.0
0.0
0.0
0.0
0.0
0.0
0.0
0.0
0.0
0.0
0.0
0.0
0.0
0.0
0.0
0.0
0.0
0.0
0.0
0.0
0.0
0.0
0.0
0.0
0.0
0.0
0.0
0.0
0.0
0.0
0.0
0.0
0.0
0.0
0.0
0.0
0.0
0.0
0.0
0.0
0.0
0.0
0.0
0.0
0.0
0.0
0.0
0.0
0.0
0.0
0.0
0.0
0.0
0.0
0.0
0.0
0.0
0.0
0.0
0.0
0.0
0.0
0.0
