0.0
0.0
0.0
0.0
0.0
0.0
0.0
0.0
0.0
0.0
0.0
0.0
0.0
0.0
0.0
0.0
0.0
0.0
0.0
0.0
612.23250148
770.611893309
712.178442769
634.517466773
629.247886397
575.583546812
539.786015804
507.092464715
496.850655442
435.321788268
457.325480034
410.936098645
382.689603823
373.166864322
379.296749995
320.206497732
361.881644295
306.702084854
277.511413153
264.319796546
256.108505589
226.390288636
206.637569569
191.699788074
195.614595315
155.532881414
174.026153131
157.027111156
142.292589215
147.245237534
139.028527581
137.621882886
134.829654781
123.597466152
121.742651956
123.278357212
101.727615076
95.8006571947
97.4077515381
107.934140967
72.5368927478
70.8629606772
71.937789919
108.042624992
85.1994895357
63.3201547508
61.9406960604
57.7480476718
62.9540983569
64.8182160072
68.9043263631
66.9190321705
63.6430523469
47.2417768419
81.3989450986
92.4630940367
78.3333023115
76.4530149301
62.6681919624
66.8903994312
46.0201543668
37.3953055788
37.8091449558
33.5513343491
32.659284887
28.2278337098
23.2590692218
35.2016737334
25.6326907357
27.2744490768
43.3229330172
35.2913753383
26.6551047724
26.3201867986
27.5977128029
16.1482963906
20.4125307716
19.3799461009
23.4569355265
20.0053565614
17.0769163816
14.7044880709
15.2129583328
12.8234248369
15.7057541431
14.520617519
15.033283447
11.2069659339
15.5236881155
15.2453492053
15.6313039458
17.7792834938
28.6998218136
16.0051371694
16.3494423574
11.3347071557
9.34552667675
10.7530146997
12.8386970787
7.14415381973
11.8913819258
13.3406116546
18.5460554929
13.8016956786
6.68163090158
7.31357745558
11.2131350851
8.20118456618
11.7036177496
13.8241319097
13.0099017239
18.7602743168
15.7870871235
13.2813504769
10.6998952502
9.27541086549
7.75601155734
15.9793596673
4.43921823783
18.4972435625
7.1873216514
17.7830881779
13.7827652606
3.05148721771
4.37750751812
7.2831180293
4.99549804939
5.57650399712
11.8548519025
5.59954417236
6.22593914282
6.69016853855
6.29963362979
5.31414285484
7.65009819285
5.13408047821
5.82172870449
5.1941902757
6.87799302407
5.15440869674
2.00062063293
8.41195586862
1.60720431517
4.54206009142
7.58216396453
9.18670977662
3.75747163218
5.72712148167
8.71510568641
11.1486954312
5.90381384139
10.0412533011
6.11068023647
10.6915186834
5.19303765762
3.24074427368
1.79341745585
1.05683723303
6.5619466078
1.80806060974
2.31977556123
3.21774383984
2.02778525126
3.85458360683
1.0455561369
1.6101041381
0.835526271037
4.23388993852
1.86774889655
3.35632264897
0.708180362013
1.73529389583
3.85391849352
2.81289545901
5.15585949192
5.45994154897
2.5096320589
4.08606979163
3.96498110926
1.05367919767
3.49627820155
2.26932350759
3.14673826291
4.6398495267
7.14248395249
5.98965318241
13.5764166052
5.30169375311
1.87754257286
1.38406851605
0.870036012194
1.5265276719
3.37203905027
1.46559680735
2.98894005731
1.63007998714
1.74552947584
1.38972915131
0.343905249646
2.08922100409
3.42378817696
1.28478260971
0.50540030247
1.75040341383
2.10762212894
0.38621095674
1.1591527224
1.02980460358
2.2976291081
2.73275640474
0.0162038400137
1.7948276759
1.54351238086
1.85966900125
1.15483952531
2.65229410837
2.33169032665
1.88658180783
0.830810731094
1.19911867394
2.38655778789
1.65823759954
2.87672444764
2.97661928539
3.17365147986
1.30656998038
1.86135123815
0.58449887949
1.19264209711
1.62292958842
1.39020709107
1.25129991412
1.57518170626
1.0
2.9393354249
0.94880452247
0.988893014434
3.0100536193
1.71492346213
4.25144467152
1.94350734025
2.96627061177
4.73291168632
1.49034441962
1.89036851668
1.13324559301
0.588260166441
2.34880604148
2.05270903332
1.11960973273
0.666304276277
2.39826435754
3.02780254896
1.62361931921
0.144959892308
0.570252855958
3.89334255621
0.0326252772745
0.636991597565
0.0
1.69879104858
0.994642284992
1.54231890119
2.41225774898
1.60040930826
0.173262149744
0.99339210641
1.21675704665
2.05647377678
1.83118213563
0.870562656223
1.12315218466
0.555745889782
1.80455141364
0.446331463128
1.05064908997
0.0125677692464
2.38738237759
0.0
0.0
0.285920923542
0.00222888153192
1.47164692234
0.976964048129
1.0
0.0052264355725
1.81221206452
0.0117851145124
1.88569211247
0.0
0.0
1.51106660079
0.0
3.03539158603
0.626879707721
0.0
0.46156325383
0.0
0.0
2.52878385526
1.0
0.0
0.0
1.75343894441
1.0
0.0
1.0
1.99823404106
0.0
2.43985178122
0.483776935638
0.0
0.938653951381
1.00654365554
0.0
0.0
0.0
1.16350862265
0.685049250765
1.17269676979
0.0
0.0
9.99823154372e-05
0.0
0.0
0.998855959704
0.0
0.581798935427
0.313830091408
0.0
0.0
0.526157133696
0.0
2.50866482251
1.01699397703
0.0
3.19830864665
6.68526762879e-05
1.34741696593
0.238636542473
3.92576711409
2.0
3.61245254099
2.0
0.313191009321
0.0
0.0
0.264665295879
0.0
0.0356306963486
0.0
0.0
0.0
0.0
0.0
0.505651413878
0.973489629508
0.0
0.0
0.468348360751
0.0
0.0
1.10534456232
1.37200052898
0.0
0.36526717231
0.0
0.0
0.0
0.0
0.0
0.0
0.0
0.450842987896
0.0
0.0
0.0
0.0
0.790450255876
0.0
0.0
0.417375466109
0.390885398805
0.0
0.0
0.427370362894
0.0
0.23869687442
0.0
0.0
0.0
0.961060584226
0.580717349019
0.0
0.0
0.0
0.717429924674
0.0
0.0
0.0
0.0
0.0
0.0
0.0
0.00201081895904
0.0
0.0
0.0
0.0
0.0
0.00739834104354
0.674394972281
0.0
0.0
0.0
0.0
0.0
0.0
0.0
0.0
1.0
0.0
0.0
0.0
0.0
0.0
0.0
1.0
1.0
0.0
0.0
0.0
0.434986823481
0.0
0.689387325553
1.99710511889
0.0
0.0
0.427463577049
0.0
0.0
0.0
0.0
1.13004610865
0.0
0.0
0.0
0.0
0.0
0.0
0.0
1.0
0.0
0.0
1.0
0.0
0.0
0.0
0.142332033508
0.0
0.0
1.0
0.0
0.0
0.0
0.0
0.539628731493
0.0
0.0
0.0
0.749821099443
0.0
0.0
0.520226313146
0.0
0.338538780224
0.0280299851156
0.0
0.116492404204
1.67937629892
0.0
0.0
0.0
0.0
0.0
0.0
0.0
0.0
0.0
0.142683094717
0.0
0.191325820749
0.0
0.0
1.0
1.0
0.0
0.334717717944
0.0
0.0
0.0
0.0
0.0
0.0
0.0
0.0
0.0
0.0
0.0
0.0
0.00109996653072
0.0
0.0
0.0
0.0
1.0
0.0
0.0
0.0
1.0
0.0
0.0
0.0
0.0
0.0
0.0
0.0
0.0
0.953131379856
0.849092005154
0.0
0.0
0.637442445126
0.0
0.0
0.0
0.598881091557
0.0
0.0
0.000492307319605
0.0
0.0
0.0
0.0
0.0
1.0
0.656117845393
0.0
0.0
0.0
0.0
0.0
0.0
0.0
1.0
0.0
0.0
1.0
0.0
0.0
0.0
0.0
0.0
1.0
0.0
0.0
0.0
0.0
0.0
0.0
0.487522680284
0.0
0.0
0.0
0.0701383597973
0.0
0.0
0.0
0.0
0.0
0.0
0.0
0.0
0.0
0.0
0.0
0.0
0.0
0.0
0.0
0.0
0.0
0.0
0.0
0.0
0.0
0.0
0.0
0.0
0.0
0.0
0.0
0.0
0.0
0.0
0.0
0.0
0.507062904718
0.0
0.0
0.0
0.0
0.0
0.0
0.0
0.0
0.0
0.0
0.0
0.0
0.0
0.0
1.0
0.0
0.0
0.0
0.0
0.0
0.0
0.0
0.0
0.0
0.575006973594
0.0
1.0
0.0
0.0
0.0
0.0
0.0
0.0
0.0
0.0
0.0
0.0
0.0
0.0
0.0
0.0
0.0
0.0
0.0
0.0
0.0
0.0
0.0
0.0
0.0
0.0
0.0
0.0
0.0
0.0
0.0
0.0
0.0
0.0
0.0
0.0
0.0
0.0
0.0
0.0
0.0
0.0
0.0
0.0
0.0
0.0
0.0
0.0
0.0
0.0
0.0
0.0
0.0
0.0
0.0
0.0
0.0
0.0
0.0
0.0
0.0
0.0
0.0
0.0
0.0
0.0
0.0
0.0
0.0
0.0
0.0
0.0
0.0
0.0
0.0
0.0
0.0
0.0
0.0
0.0
0.0
0.0
0.0
0.0
0.0
0.0
0.0
0.0
0.0
0.0
0.0
0.0
0.0
0.0
0.0
0.0
0.0
0.0
0.0
0.0
0.0
0.0
0.0
0.0
0.0
0.0
0.0
0.0
0.0
0.0
0.0
0.0
0.0
0.0
0.0
0.0
0.0
0.0
0.0
0.0
0.0
1.0
0.0
0.0
0.0
0.0
0.0
0.0
0.0
0.0
0.0
0.0
0.0
0.0
0.0
0.0
0.0
0.0
0.0
0.0
0.0
0.0
0.0
0.0
0.0
0.0
0.0
0.0
0.0
0.0
0.0
0.0
0.0
0.0
0.0
0.0
0.0
0.0
0.0
0.0
0.0
0.0
0.0
0.0
0.0
0.0
1.0
0.0
0.0
0.0
0.0
0.0
0.0
0.0
0.0
0.0
0.0
0.0
0.0
0.0
0.0
0.0
0.0
0.0
0.0
0.0
0.0
0.0
0.0
0.0
0.0
0.0
0.0
0.0
0.0
0.0
0.0
0.0
0.0
0.0
0.0
0.0
0.0
0.0
0.0
0.0
0.0
0.0
0.0
0.0
0.0
0.0
0.0
0.0
0.0
0.0
0.0
0.0
0.0
0.0
0.0
0.0
0.0
0.0
0.0
0.0
0.0
0.0
0.0
0.0
0.0
0.0
0.0
0.0
0.0
0.0
0.0
0.0
0.0
0.0
0.0
0.0
0.0
0.0
0.0
0.0
0.0
0.0
0.0
0.0
0.0
0.0
0.0
0.0
0.0
0.0
0.0
0.0
0.0
0.0
0.0
0.0
0.0
0.0
0.0
0.0
0.0
0.0
0.0
0.0
0.0
0.0
0.0
0.0
0.0
0.0
0.0
0.0
0.0
0.0
0.0
0.0
0.0
0.0
0.0
0.0
0.0
0.0
0.0
0.0
0.0
0.0
0.0
0.0
0.0
0.0
0.0
0.0
0.0
0.0
0.0
0.0
0.0
0.0
0.0
0.0
0.0
0.0
0.0
0.0
0.0
0.0
0.0
0.0
0.0
0.0
0.0
0.0
0.0
0.0
0.0
0.0
0.0
0.0
0.0
0.0
0.0
0.0
0.0
0.0
0.0
0.0
0.0
0.0
0.0
0.0
0.0
0.0
0.0
0.0
0.0
0.0
0.0
0.0
0.0
0.0
0.0
