0.0
0.0
0.0
0.0
0.0
0.0
0.0
0.0
0.0
0.0
0.0
0.0
0.0
0.0
0.0
0.0
0.0
0.0
0.0
0.0
23.3542319482
30.8285181684
36.1607308972
39.1241496833
64.8622526745
60.6117064194
53.0360417114
41.6485804331
71.3295769256
58.1520510275
98.281582207
85.7499619433
64.4127250444
67.4004964143
96.5028314769
83.608720766
86.785446964
90.6092165315
77.8366023525
73.2852699022
86.9820620562
80.7958263498
59.6530181434
47.5345394347
64.5553277717
46.8317285431
53.0023124512
48.7402380797
43.6620630235
48.4979792181
44.962392053
33.1723041252
39.201166984
29.8428742313
36.9659016084
50.3451383444
30.4646360753
24.2582284762
31.6832105753
40.3619432546
26.4042603415
28.514012571
35.3887471437
67.2194750101
47.8243703972
27.8773702637
25.5852556797
24.9502495334
25.3127456859
36.5248311412
36.3864955098
34.6487040265
26.8655876458
19.3962420074
47.3996441316
58.8649874913
48.3519246895
41.7123821952
30.1737677872
33.4590775873
17.852897133
15.68355437
15.0087663516
13.4025340409
9.21811274163
9.02217440483
8.7751316119
17.8834424741
8.89550065227
8.71734298154
18.8653820518
14.9777755878
10.6824934586
10.3563432968
11.8895009655
4.37742606976
9.08220741541
8.82547181074
9.59750124927
9.28428631145
4.97755674995
6.30827743005
6.59985338488
3.7931745362
7.91817156511
7.31334409364
4.74680921216
2.32290257966
6.20037126096
5.0725445817
4.83426924517
7.77458701589
14.4382274853
9.6276386363
8.91407421165
3.96306588581
3.3276086834
2.81826911884
4.18798245452
0.99410972822
4.2166146726
6.84445473363
10.091033393
8.02349758932
2.18301893541
2.22530955962
4.4342840612
3.73781977973
4.68473572648
6.46453267911
8.64207539315
12.9298182835
10.2034448054
6.605397831
6.4320328199
4.91824269909
5.12847737783
11.5147676694
2.0
14.0357498319
3.66525497801
12.9710765266
6.24890188083
0.621524320319
0.529750854419
4.31143040122
2.03992751409
3.92629574042
9.13019424787
1.82517652337
3.10088314994
5.36049598324
5.13045733551
3.0
5.0
2.78564644534
1.98307415788
2.37439779961
3.58568268859
1.53875086368
1.25831668748
6.2197562361
0.0
0.0
4.92236096067
5.36682395137
1.38872890175
3.88621346881
4.13457429064
6.65625344723
1.76636112312
7.42980208003
3.95788377497
7.80002170175
2.38887955373
1.02578436796
0.734061535126
0.505972434004
5.33094758432
0.502577400408
0.964353848254
2.5756584204
0.883876514534
1.56392955071
0.0
0.783369328191
0.0
1.76190150405
0.910605189754
2.0
0.0
1.0
2.63443621812
2.46499381575
4.72134904844
4.0
2.0
3.29652937959
2.626846322
0.0
2.58187204686
1.68287350151
2.0
1.87805287715
5.80001973389
5.42144157557
12.3169905858
5.05786722395
0.880933531876
1.0
0.0
1.18029851626
2.71788545278
0.884606476495
2.67169610414
1.0
1.57369757931
0.980960387894
0.0
1.33869868933
2.42334424563
0.0
0.0
0.581510005131
0.698906964397
0.0
0.739330194945
0.513713672941
1.54212119785
2.57371695273
0.0
1.0
1.52756120688
0.9526756671
0.517395623679
1.6227645068
2.0
0.526117788462
0.0
0.0
1.26698531651
1.28154083181
2.38114595684
2.0
2.8546677463
0.610737186681
1.76345250663
0.0
0.516644688718
0.585280882033
1.0
0.611219149719
1.56670103121
1.0
1.84354385729
0.835486524456
0.988703295454
2.73507082721
0.0
3.71974707382
1.70003841085
2.63818572591
4.38006435997
1.0
1.3873828221
0.969177295312
0.0
1.74925118249
1.47343767747
1.0
0.666099867893
1.99536053781
2.59627420576
1.0
0.0
0.0
3.49987732269
0.0
0.636991597565
0.0
1.64063644678
0.724700331892
1.54231890119
2.26981850676
1.50286829527
0.0
0.714402102022
1.0
1.8049239496
1.75759456767
0.852028731768
1.0
0.0
0.622376407778
0.0
1.0
0.0
2.0
0.0
0.0
0.0
0.0
1.46838743414
0.976964048129
1.0
0.0
1.81060254891
0.0
1.53595682322
0.0
0.0
1.51106660079
0.0
2.77745383011
0.626879707721
0.0
0.0
0.0
0.0
2.0
1.0
0.0
0.0
0.0
1.0
0.0
1.0
1.99823404106
0.0
1.0
0.0
0.0
0.0
1.0
0.0
0.0
0.0
1.0
0.685049250765
1.0
0.0
0.0
0.0
0.0
0.0
0.998855959704
0.0
0.581798935427
0.0
0.0
0.0
0.0
0.0
2.50567980712
0.998637613157
0.0
2.48654161576
0.0
1.0
0.0
3.92576711409
2.0
3.61245254099
2.0
0.0
0.0
0.0
0.0
0.0
0.0
0.0
0.0
0.0
0.0
0.0
0.505651413878
0.973489629508
0.0
0.0
0.0
0.0
0.0
1.0
1.0
0.0
0.0
0.0
0.0
0.0
0.0
0.0
0.0
0.0
0.0
0.0
0.0
0.0
0.0
0.790450255876
0.0
0.0
0.0
0.0
0.0
0.0
0.0
0.0
0.0
0.0
0.0
0.0
0.961060584226
0.580717349019
0.0
0.0
0.0
0.716935592278
0.0
0.0
0.0
0.0
0.0
0.0
0.0
0.0
0.0
0.0
0.0
0.0
0.0
0.0
0.674394972281
0.0
0.0
0.0
0.0
0.0
0.0
0.0
0.0
1.0
0.0
0.0
0.0
0.0
0.0
0.0
1.0
1.0
0.0
0.0
0.0
0.0
0.0
0.689387325553
1.99710511889
0.0
0.0
0.0
0.0
0.0
0.0
0.0
1.0
0.0
0.0
0.0
0.0
0.0
0.0
0.0
1.0
0.0
0.0
1.0
0.0
0.0
0.0
0.0
0.0
0.0
1.0
0.0
0.0
0.0
0.0
0.539628731493
0.0
0.0
0.0
0.531140560212
0.0
0.0
0.520226313146
0.0
0.0
0.0
0.0
0.0
1.67937629892
0.0
0.0
0.0
0.0
0.0
0.0
0.0
0.0
0.0
0.0
0.0
0.0
0.0
0.0
1.0
1.0
0.0
0.0
0.0
0.0
0.0
0.0
0.0
0.0
0.0
0.0
0.0
0.0
0.0
0.0
0.0
0.0
0.0
0.0
0.0
1.0
0.0
0.0
0.0
1.0
0.0
0.0
0.0
0.0
0.0
0.0
0.0
0.0
0.953131379856
0.849092005154
0.0
0.0
0.637442445126
0.0
0.0
0.0
0.598881091557
0.0
0.0
0.0
0.0
0.0
0.0
0.0
0.0
1.0
0.656117845393
0.0
0.0
0.0
0.0
0.0
0.0
0.0
1.0
0.0
0.0
1.0
0.0
0.0
0.0
0.0
0.0
1.0
0.0
0.0
0.0
0.0
0.0
0.0
0.0
0.0
0.0
0.0
0.0
0.0
0.0
0.0
0.0
0.0
0.0
0.0
0.0
0.0
0.0
0.0
0.0
0.0
0.0
0.0
0.0
0.0
0.0
0.0
0.0
0.0
0.0
0.0
0.0
0.0
0.0
0.0
0.0
0.0
0.0
0.0
0.0
0.507062904718
0.0
0.0
0.0
0.0
0.0
0.0
0.0
0.0
0.0
0.0
0.0
0.0
0.0
0.0
1.0
0.0
0.0
0.0
0.0
0.0
0.0
0.0
0.0
0.0
0.575006973594
0.0
1.0
0.0
0.0
0.0
0.0
0.0
0.0
0.0
0.0
0.0
0.0
0.0
0.0
0.0
0.0
0.0
0.0
0.0
0.0
0.0
0.0
0.0
0.0
0.0
0.0
0.0
0.0
0.0
0.0
0.0
0.0
0.0
0.0
0.0
0.0
0.0
0.0
0.0
0.0
0.0
0.0
0.0
0.0
0.0
0.0
0.0
0.0
0.0
0.0
0.0
0.0
0.0
0.0
0.0
0.0
0.0
0.0
0.0
0.0
0.0
0.0
0.0
0.0
0.0
0.0
0.0
0.0
0.0
0.0
0.0
0.0
0.0
0.0
0.0
0.0
0.0
0.0
0.0
0.0
0.0
0.0
0.0
0.0
0.0
0.0
0.0
0.0
0.0
0.0
0.0
0.0
0.0
0.0
0.0
0.0
0.0
0.0
0.0
0.0
0.0
0.0
0.0
0.0
0.0
0.0
0.0
0.0
0.0
0.0
0.0
0.0
0.0
0.0
0.0
0.0
0.0
0.0
0.0
0.0
0.0
1.0
0.0
0.0
0.0
0.0
0.0
0.0
0.0
0.0
0.0
0.0
0.0
0.0
0.0
0.0
0.0
0.0
0.0
0.0
0.0
0.0
0.0
0.0
0.0
0.0
0.0
0.0
0.0
0.0
0.0
0.0
0.0
0.0
0.0
0.0
0.0
0.0
0.0
0.0
0.0
0.0
0.0
0.0
0.0
0.0
1.0
0.0
0.0
0.0
0.0
0.0
0.0
0.0
0.0
0.0
0.0
0.0
0.0
0.0
0.0
0.0
0.0
0.0
0.0
0.0
0.0
0.0
0.0
0.0
0.0
0.0
0.0
0.0
0.0
0.0
0.0
0.0
0.0
0.0
0.0
0.0
0.0
0.0
0.0
0.0
0.0
0.0
0.0
0.0
0.0
0.0
0.0
0.0
0.0
0.0
0.0
0.0
0.0
0.0
0.0
0.0
0.0
0.0
0.0
0.0
0.0
0.0
0.0
0.0
0.0
0.0
0.0
0.0
0.0
0.0
0.0
0.0
0.0
0.0
0.0
0.0
0.0
0.0
0.0
0.0
0.0
0.0
0.0
0.0
0.0
0.0
0.0
0.0
0.0
0.0
0.0
0.0
0.0
0.0
0.0
0.0
0.0
0.0
0.0
0.0
0.0
0.0
0.0
0.0
0.0
0.0
0.0
0.0
0.0
0.0
0.0
0.0
0.0
0.0
0.0
0.0
0.0
0.0
0.0
0.0
0.0
0.0
0.0
0.0
0.0
0.0
0.0
0.0
0.0
0.0
0.0
0.0
0.0
0.0
0.0
0.0
0.0
0.0
0.0
0.0
0.0
0.0
0.0
0.0
0.0
0.0
0.0
0.0
0.0
0.0
0.0
0.0
0.0
0.0
0.0
0.0
0.0
0.0
0.0
0.0
0.0
0.0
0.0
0.0
0.0
0.0
0.0
0.0
0.0
0.0
0.0
0.0
0.0
0.0
0.0
0.0
0.0
0.0
0.0
0.0
0.0
