0.0
0.0
0.0
0.0
0.0
0.0
0.0
0.0
0.0
0.0
0.0
0.0
0.0
0.0
10207.8499796
18697.7996519
18207.7794519
16953.5403862
16996.6316651
18983.7727689
20318.6750053
22031.6992051
24340.9404293
27880.5557551
30898.6290404
33620.9736525
38003.9008128
43815.9767449
50258.4954148
57783.9549247
65306.4754383
76417.5720895
86161.881942
99546.8429284
114722.177927
129058.555619
139632.316059
153020.493909
170021.820844
188265.906244
201747.971408
220583.226962
234766.94065
254168.822824
273323.933847
292617.852577
313086.800751
334613.21183
355807.808698
378804.127714
401653.699471
420972.671405
443934.841727
462614.594829
478029.206135
494642.562651
508585.970405
519910.19052
530173.932247
540221.929664
545362.272448
552407.757952
559822.723641
563349.657809
570400.684192
571471.017194
574808.293139
576325.657353
577142.833717
574778.36657
575675.494785
574806.361592
575321.147545
569676.445555
565127.426145
563934.015277
557743.58054
553845.192624
548039.448083
541272.537673
530805.295707
524859.188388
516108.174202
509676.355478
498998.995307
490281.887604
481057.222624
472172.147563
461611.603048
451968.299882
443221.645396
433505.942228
425175.439559
415443.172316
404630.34336
394949.013183
386652.643866
378525.485618
369596.731363
360806.232324
351998.361604
343577.767212
334501.520541
327394.945473
318288.834605
310242.709677
302658.197646
295511.639923
288329.148519
281924.592053
275057.244108
267355.040267
261291.491135
254220.773592
249376.554984
241997.670138
235059.309151
229969.32254
222442.228756
217737.304635
213254.808323
207354.380255
201581.637317
197732.485792
190918.177754
185735.179131
182878.637508
176723.964153
171603.137881
167827.996987
164512.663093
159664.139612
156175.024762
152596.66263
147863.567398
143583.960369
141753.178251
138261.588623
134773.73987
131657.770179
127060.92598
124898.17426
122290.438075
119324.099671
116873.786964
114391.37211
112053.463675
108929.822194
106833.946247
103748.19615
102036.819808
100580.248097
97625.9817919
95733.8724038
93941.6675692
91101.6321021
89761.3263029
87431.8592056
86164.8826257
83964.5055606
82133.8486534
80401.7111948
78690.8899519
77570.2709828
75541.5858597
74494.1194738
72572.5496423
71696.931438
69836.6584269
68669.7158879
67153.8665959
65912.9671588
64298.930918
63246.2042848
61254.2961598
60900.9264448
59362.8616367
58317.2309946
57240.3759447
56058.6856531
54586.3320337
54281.5055099
53328.1031844
51400.1117549
50682.0730017
49986.1569248
49337.8935333
48240.2677326
47719.8419065
46450.7960509
45718.8366035
44902.1910227
43898.7448155
43146.3862313
42450.8748345
41498.7337528
41238.0820289
40388.9335108
39499.563936
38496.3279339
38255.1580211
37793.8435848
37461.4072644
36431.7454463
35687.3000111
35400.554107
34837.4370112
34214.4262524
33512.7370862
32696.6009965
32385.7359633
32253.2305665
31490.1419504
30985.9812295
30161.5316072
29812.4204059
29341.3138854
29308.7906992
28643.8437028
27931.5613174
27489.5652822
27198.6482774
26947.0664872
26347.7161682
25999.1366198
25599.0999638
25291.242031
24932.5222958
24601.3618208
24019.9824376
23754.0363837
23522.4411247
23496.5150914
22911.1501244
22572.9490444
21940.9037131
21845.7190296
21792.8507363
21520.0925575
21147.3905414
20702.1002172
20161.6613542
20399.1011169
19913.1547547
19562.6157352
19293.503337
19232.8769624
18845.2788179
18485.4796258
18520.7344592
17938.8037573
17698.576348
17440.5371757
17146.1577354
17171.6761736
16673.2895907
16636.0137034
16244.1743391
15940.6494593
15879.29886
15687.1836352
15596.7853989
15275.3158005
15117.7288718
14744.3732587
14568.1499178
14709.0988293
14055.5979659
13885.4601844
13708.1331338
13477.5383717
13125.6027653
13137.5664072
13091.1584116
12979.5755292
12886.9386891
12643.9478692
12408.9750468
12316.9177148
12127.2818132
11976.4086393
11796.1286543
11483.9454718
11299.1720107
11125.9576667
11028.8011314
11112.4022537
10878.4909976
10786.8743813
10557.9373286
10538.9429438
10150.8033502
10165.3765492
9877.60368771
9894.70164805
9770.08327186
9570.82448682
9417.07289033
9488.1089257
9310.27569147
9205.32655005
8951.17239456
8884.33078489
8854.32736586
8846.44068836
8572.71897119
8503.7010861
8408.60710892
8272.57557535
8125.60944494
8271.99436175
8014.68669438
7962.58729067
7835.45770935
7859.10922921
7420.82827746
7564.2910506
7488.95692025
7413.64505698
7244.64540424
7120.25815607
7214.44628548
6997.72047799
7035.00268092
6977.77841254
6891.26513688
6746.75156028
6783.97989996
6750.74448577
6619.46983363
6361.78894373
6429.02430709
6245.46037402
6135.88581257
6029.28059873
6151.94123695
6151.96968444
5977.47443071
5915.0528521
5902.94817093
5938.8411229
5708.39159799
5809.39084895
5452.22186348
5595.57768086
5460.97372815
5413.14521564
5411.74770759
5267.71091575
5323.79638997
5136.18070873
5103.28932621
5039.18275823
5042.42984131
4927.38184459
4883.1453424
4891.01206153
4771.72720995
4652.04432064
4525.80280343
4523.68407136
4517.55740009
4469.4271128
4343.37238437
4313.53346011
4249.08610301
4176.34753286
4104.1448894
4334.12303217
4140.10665415
4117.0466371
4133.68425703
4101.09293868
3938.70277623
3961.98400256
3846.28542922
3809.63701291
3834.44928225
3868.38723101
3722.72245327
3805.3114859
3648.88614072
3558.52689738
3644.8215491
3536.00263917
3488.08930842
3467.00534076
3391.16805761
3382.00959656
3352.6345224
3423.74519196
3406.87432767
3248.24651365
3188.03589053
3192.40531468
3215.64136618
3181.49480573
3066.33828079
3152.21337018
3149.75737532
3110.67814802
3049.19241445
3021.24088128
2988.18111421
2896.14174446
2882.76498445
2866.6090866
2872.40918989
2762.14216539
2724.72201636
2741.62497984
2798.54051522
2761.21772084
2754.23275282
2614.77051541
2590.94008751
2583.33922612
2598.00006494
2564.02468015
2509.57292412
2488.43959471
2493.39324846
2437.13950071
2470.75171595
2406.75456328
2473.82267175
2414.591571
2422.43666524
2349.24393891
2315.36701699
2318.85434429
2345.0024694
2288.33532665
2195.4178151
2227.24282353
2244.30562898
2219.618604
2234.25170289
2109.94583915
2212.29868129
2177.6366276
2107.55375617
2148.23172058
2105.91183434
2090.10677933
2023.16507976
1953.606495
2005.23146429
2040.16152563
1953.9786641
2018.95023082
1886.41240688
1909.56543861
1872.70278183
1808.35065359
1817.60306352
1835.05762783
1837.73286971
1817.85141294
1800.7188457
1772.62642955
1811.36050423
1697.68252844
1800.52692078
1741.5332317
1720.47932456
1723.2870257
1718.22503255
1661.18987963
1725.12300165
1697.17356895
1624.05547387
1628.75999745
1572.18136168
1523.99405343
1634.33001954
1560.79889692
1523.11477549
1564.0516215
1578.59510798
1587.00761582
1582.73121838
1560.46592674
1553.26979105
1566.225494
1519.4647741
1553.57576258
1523.77041252
1423.4271435
1499.6171284
1480.48802706
1463.84585692
1477.29899834
1464.21546875
1389.48685621
1392.68530213
1401.03293045
1339.2584609
1390.3707204
1397.86029256
1311.06480174
1364.34938949
1268.58475513
1266.98258554
1241.72797068
1286.36220622
1249.8312554
1298.21270012
1242.04773404
1253.39719082
1238.38505707
1223.92189993
1249.48737607
1267.69970288
1231.34659851
1172.46329035
1235.08043531
1127.65745833
1234.02469301
1217.32140619
1229.27006603
1155.4307586
1124.95252109
1080.89457053
1144.89787523
1133.7851122
1109.24015864
1127.8032187
1097.9647274
1042.42776284
1098.8001872
1090.07575838
1081.28163854
1012.01506026
1070.83885309
1055.20457631
992.105131724
1095.63368923
1015.18914531
1005.64347393
1055.75961261
1054.47110391
989.893456814
948.849494174
958.204884204
975.707166871
913.293518264
971.534692137
920.357927995
947.37548891
941.269723886
964.303539604
980.207949043
904.177678432
890.051777369
888.439917563
931.842678176
892.687908905
833.580526329
836.558222696
859.447691873
870.600209649
837.223950401
866.638638862
815.3806742
845.835512517
825.707265951
830.969368051
823.368257842
782.346820253
789.680060544
794.035045544
734.105248663
772.002182128
771.425045834
756.415974066
765.870632507
724.096273584
710.394614495
713.612069266
689.118758519
718.561852269
744.758319168
738.568588501
723.723600275
693.062618505
682.821465014
738.982497393
700.945793006
661.796649759
664.581848979
664.089991025
702.441641009
620.579527184
628.335276398
630.793813312
653.410713003
598.266837748
611.228555322
676.38603877
586.811910303
611.002424619
624.404410464
614.972767445
588.283995403
614.920436979
593.126121201
613.696849238
614.990208445
562.059906587
564.65021044
632.673655657
558.072478067
576.262976732
570.399936936
580.582798257
570.847164428
570.437554304
545.733542592
530.561420487
541.463296261
518.556824389
549.961112059
511.887889957
507.121098168
512.27159993
509.608515346
461.622452415
548.978315025
479.733893735
509.320588961
446.131563934
499.060314427
503.650220712
499.792204223
460.048739177
502.033309339
475.089954472
446.001366012
465.679052074
496.471502352
516.865844224
443.112330847
441.477716215
417.295793685
471.355881158
473.210011355
422.011440215
415.620570764
458.80971782
426.394444252
431.781026073
421.465269787
400.575386929
434.473787077
391.546976787
430.812403804
432.732571073
420.871988311
404.005873211
456.884757529
391.273381041
409.818577486
424.548271724
398.672378328
419.87338336
438.007812088
391.911440577
422.825089754
365.34755862
374.713450205
431.297354938
374.469416272
390.988543786
356.222030579
354.422599008
384.309929431
343.474685536
365.820419148
367.687833558
341.110860675
352.084594031
325.679221717
354.82558108
342.229499978
337.893418212
372.351641285
345.418589136
350.371349069
362.844566646
355.311552411
319.085453851
371.373634978
287.756480749
323.710142186
364.744232031
303.088938707
310.358285641
287.132300795
311.857817933
296.877141311
319.314293557
291.107111763
289.750703591
286.802304899
292.63632168
292.680545801
306.772707756
324.030638817
279.84402911
296.66913303
263.59093995
295.259252943
305.268911601
271.547361618
274.686238293
293.628819579
275.133547623
288.621643287
277.303501022
290.968386176
254.301640534
269.02871802
283.408593078
282.991806322
273.171421217
225.791067493
265.44944923
269.112971516
264.282268977
245.728802076
236.086234941
241.070289209
228.953451219
207.274914929
218.205600251
207.724053698
236.269829393
229.611372922
234.462773072
196.236277357
229.758433409
255.447889218
266.523407674
218.495275291
241.544789798
248.710815254
212.191079539
189.774815168
247.165610099
222.304622954
205.361425432
224.131464492
225.671577838
223.284059864
226.350155115
245.659671022
231.522362861
230.982555974
223.06869539
209.005648591
203.682189891
179.280917535
196.389360653
190.994203382
191.405816571
199.310376001
187.542612139
217.430610519
192.230603622
184.867962401
173.827200646
177.68466008
186.04227759
183.240296862
193.385262607
214.081666013
185.016571522
177.588671942
186.883857467
183.32871337
177.242261146
159.79769209
181.923802073
190.092578324
175.989724526
167.173679308
142.019780101
172.606459349
192.169107689
133.174673594
159.448521292
158.80452314
159.191687995
171.089243584
171.066410531
175.121700959
157.071967513
149.401514781
148.45362037
139.712693643
165.896675481
148.830017753
146.071630927
146.88447667
172.378566964
138.858574419
147.543504188
136.42704073
125.924378165
146.039917992
131.768183913
168.047956045
153.586068986
107.014561867
163.105209993
160.077858482
152.693562332
155.335929376
125.355786185
129.598778317
132.521938306
134.028301434
144.596791743
125.93964909
141.221756192
122.13956323
139.549040059
132.096230912
132.316578931
121.145690759
136.085328286
105.682266849
115.548039241
133.196250447
106.066847334
119.548563599
135.193871011
127.164683787
139.965938105
125.240431746
116.76950969
102.178632467
123.94389263
123.088685203
125.876441128
104.613958661
114.942418673
105.338892313
107.261669424
92.0211566279
119.287888183
94.5122457251
121.379007117
125.780910519
115.47898947
113.349356584
118.272251025
105.95128105
118.174111731
95.0966365813
113.119779425
116.68923515
116.175691739
97.1741155142
106.202463586
96.0622759171
101.202739637
116.446911554
108.338066182
105.254840257
101.214852999
77.0617795767
110.36250074
92.4458579694
120.415078287
92.4955384003
100.024640135
92.1307049044
105.812335828
94.5673518478
91.2586178016
90.4996155994
104.461346497
107.419300037
88.6646819803
95.344818992
90.6199039795
107.185066571
103.179573539
73.4884339001
80.3544905478
100.681543618
84.2136545069
79.8218869475
109.61771184
82.6720514061
66.5812151154
64.4193214721
87.775209718
68.3851600708
97.1567116642
62.8452702738
67.4975598497
61.3156085609
84.6669588274
73.4711343218
88.2954751498
71.7123931405
71.6093926416
93.2691456263
80.2160159974
96.4920212752
63.2374204502
93.440962794
59.8105286116
59.5339546979
67.657717568
76.6901744345
81.5356201504
79.3102787421
63.9275720049
69.8985602993
70.546702761
76.0584824702
73.8157189151
76.6281286987
65.6577646724
79.4406622121
53.8892425403
55.4491543703
70.8144046731
64.4860049024
76.6124273414
67.7072606256
60.3680804868
63.4998392306
71.190543103
71.4436178325
70.4560765264
63.2272130442
74.3709694798
82.4056051103
64.6057904882
63.4933205249
55.6833606066
45.6005020701
65.6414923897
52.5568349189
56.527574551
61.1812704405
55.8270659736
53.6719657633
59.5834223857
78.6127651208
73.6537916106
68.2158061178
68.8473439714
64.4883939012
65.4188630549
53.7482397114
55.8437936512
49.6825018533
49.3360310349
49.5783563204
70.5486810165
59.8681705721
48.7984039547
54.8225774125
59.7520794752
58.2581661982
54.4440738947
59.4112696541
59.4544857856
52.8710630256
53.8672458438
56.0933811569
58.5395968574
56.6105846398
50.4790784797
61.5054159778
52.729878835
60.7439997153
53.7133262123
50.4712857653
56.5037130672
50.3429423241
43.8137703994
52.3222942681
66.6911918815
61.4445686118
52.46559414
38.7365520092
49.6256131282
61.7643680163
49.2471362951
53.5776986802
50.6977094069
49.5792939963
8319.78581711
