0.0
0.0
0.0
0.0
0.0
0.0
0.0
0.0
0.0
0.0
0.0
0.0
0.0
0.0
0.0
0.0
0.0
0.0
0.0
0.0
170.006879046
220.484042108
214.325931169
196.779110882
244.916824836
204.094233769
198.327650418
189.968856288
193.255498674
192.318887835
236.614024809
197.045656404
173.900518087
181.941942281
198.566747541
179.002115257
201.988160306
171.186268621
158.315583783
149.868452117
154.603077608
138.181854274
116.750089947
105.455340725
118.072610334
85.9972497808
96.7485208425
87.3200145636
81.9785413703
85.014315855
84.2772075657
76.0405943727
79.21701412
72.7296097883
71.7417731324
71.9084021228
57.7007832125
57.6538508621
58.0196013678
74.2129463032
42.9920496745
47.1499957689
47.1189144748
82.880651303
65.4893791216
42.3264403323
38.6825939677
38.4110613537
42.752483606
47.8197289592
48.100547979
50.6021545438
42.9628061602
33.1126719399
64.7404237327
74.3490222379
63.0968796269
59.1367070602
45.4248295825
49.6090253799
32.302406964
24.4910206263
24.5225507279
22.9073275056
23.8257281752
17.745690797
15.3334018578
26.1271469054
18.7251463657
16.8030038506
30.4577878397
25.0420810649
15.8411565988
15.504022732
19.2485997972
7.86274758361
13.8006653559
13.7086403136
15.0996474551
13.3557293235
10.3839926338
8.5778892576
10.5047508074
8.87163987518
10.5485271772
9.69273066524
9.75242270169
5.35931258008
10.6519325153
10.0410141545
9.48104089539
12.3130411976
22.651250769
12.8736120179
11.4042403627
6.94736765806
5.75435700399
5.40085877778
7.42026029878
3.22352126312
8.93691452504
9.33374437618
14.3151777138
9.81584750025
4.91578350016
5.56830948832
7.75100255204
5.29922104981
7.89050982797
9.60679199388
10.3998212801
14.6080242792
13.6679825745
10.330038132
7.54829510899
6.10059565237
6.02892115041
13.8434564736
3.05146431742
16.5828117809
5.23698079258
14.0960679406
9.35107666826
0.950549921658
2.89971480973
5.42757524039
2.73990788936
4.56033318721
9.77261450777
3.67222617594
4.67841344078
5.36049598324
5.13045733551
3.74481915321
5.40369782781
3.61235544786
3.16466392676
3.82773719071
5.51421116
2.88939541065
1.25831668748
7.40646535172
0.77140336243
2.66546021098
5.82949135276
6.70013168186
1.86207532953
4.24940343417
6.96156981591
8.69786223834
4.10126508507
8.46919376127
5.16838868579
9.64723706228
3.25905637633
2.44158410922
1.22733708162
0.505972434004
6.07140094281
1.20077385828
1.34473978912
2.5756584204
0.883876514534
2.63645196651
0.90685612686
1.238917111
0.0
3.45350646583
0.910605189754
3.04982408774
0.452394510084
1.46336088143
3.27112383625
2.46499381575
4.72134904844
4.86597652535
2.0
3.29652937959
3.46703675129
0.304987613985
2.96923481607
2.13586324452
2.0
3.06425495533
6.45560164102
5.42144157557
13.0589769946
5.05786722395
1.70947582613
1.0
0.399769072733
1.18029851626
2.71788545278
0.884606476495
2.98473618531
1.41134792546
1.57369757931
0.980960387894
0.343905249646
1.33869868933
3.1640753162
0.852838176468
0.450153487714
1.4742155344
1.55660610769
0.0
0.739330194945
0.513713672941
2.22716480998
2.57371695273
0.0
1.7948276759
1.52756120688
1.41891082277
0.822592482111
2.09158043816
2.0
1.38706962346
0.44634326803
0.853527389621
2.0314098255
1.65823759954
2.38114595684
2.78831269775
3.16150577237
0.921222141022
1.76345250663
0.410186493695
0.898325433522
1.37823804028
1.35343765859
1.02907338884
1.56670103121
1.0
2.18902874739
0.835486524456
0.988703295454
2.73507082721
1.35255962923
4.03967418518
1.70003841085
2.63818572591
4.73291168632
1.45608922601
1.87672012067
0.969177295312
0.344373734973
1.74925118249
1.47343767747
1.0
0.666099867893
2.35378192254
2.59627420576
1.0
0.0
0.497283911522
3.89334255621
0.0
0.636991597565
0.0
1.64063644678
0.724700331892
1.54231890119
2.26981850676
1.50286829527
0.0
0.714402102022
1.0
1.8049239496
1.75759456767
0.852028731768
1.0
0.422290342073
1.4905910175
0.446331463128
1.0
0.0
2.33612276787
0.0
0.0
0.0
0.0
1.46838743414
0.976964048129
1.0
0.0
1.81060254891
0.0
1.88569211247
0.0
0.0
1.51106660079
0.0
2.77745383011
0.626879707721
0.0
0.46156325383
0.0
0.0
2.38947782389
1.0
0.0
0.0
1.75343894441
1.0
0.0
1.0
1.99823404106
0.0
2.43985178122
0.483776935638
0.0
0.759519853711
1.0
0.0
0.0
0.0
1.0
0.685049250765
1.0
0.0
0.0
0.0
0.0
0.0
0.998855959704
0.0
0.581798935427
0.313830091408
0.0
0.0
0.0
0.0
2.50567980712
0.998637613157
0.0
2.97835643902
0.0
1.34741696593
0.0
3.92576711409
2.0
3.61245254099
2.0
0.313191009321
0.0
0.0
0.0
0.0
0.0
0.0
0.0
0.0
0.0
0.0
0.505651413878
0.973489629508
0.0
0.0
0.468348360751
0.0
0.0
1.0
1.37200052898
0.0
0.36526717231
0.0
0.0
0.0
0.0
0.0
0.0
0.0
0.450842987896
0.0
0.0
0.0
0.0
0.790450255876
0.0
0.0
0.417375466109
0.390885398805
0.0
0.0
0.427370362894
0.0
0.0
0.0
0.0
0.0
0.961060584226
0.580717349019
0.0
0.0
0.0
0.716935592278
0.0
0.0
0.0
0.0
0.0
0.0
0.0
0.0
0.0
0.0
0.0
0.0
0.0
0.0
0.674394972281
0.0
0.0
0.0
0.0
0.0
0.0
0.0
0.0
1.0
0.0
0.0
0.0
0.0
0.0
0.0
1.0
1.0
0.0
0.0
0.0
0.434986823481
0.0
0.689387325553
1.99710511889
0.0
0.0
0.427463577049
0.0
0.0
0.0
0.0
1.0
0.0
0.0
0.0
0.0
0.0
0.0
0.0
1.0
0.0
0.0
1.0
0.0
0.0
0.0
0.0
0.0
0.0
1.0
0.0
0.0
0.0
0.0
0.539628731493
0.0
0.0
0.0
0.531140560212
0.0
0.0
0.520226313146
0.0
0.0
0.0
0.0
0.0
1.67937629892
0.0
0.0
0.0
0.0
0.0
0.0
0.0
0.0
0.0
0.0
0.0
0.0
0.0
0.0
1.0
1.0
0.0
0.334717717944
0.0
0.0
0.0
0.0
0.0
0.0
0.0
0.0
0.0
0.0
0.0
0.0
0.0
0.0
0.0
0.0
0.0
1.0
0.0
0.0
0.0
1.0
0.0
0.0
0.0
0.0
0.0
0.0
0.0
0.0
0.953131379856
0.849092005154
0.0
0.0
0.637442445126
0.0
0.0
0.0
0.598881091557
0.0
0.0
0.0
0.0
0.0
0.0
0.0
0.0
1.0
0.656117845393
0.0
0.0
0.0
0.0
0.0
0.0
0.0
1.0
0.0
0.0
1.0
0.0
0.0
0.0
0.0
0.0
1.0
0.0
0.0
0.0
0.0
0.0
0.0
0.487522680284
0.0
0.0
0.0
0.0
0.0
0.0
0.0
0.0
0.0
0.0
0.0
0.0
0.0
0.0
0.0
0.0
0.0
0.0
0.0
0.0
0.0
0.0
0.0
0.0
0.0
0.0
0.0
0.0
0.0
0.0
0.0
0.0
0.0
0.0
0.0
0.0
0.507062904718
0.0
0.0
0.0
0.0
0.0
0.0
0.0
0.0
0.0
0.0
0.0
0.0
0.0
0.0
1.0
0.0
0.0
0.0
0.0
0.0
0.0
0.0
0.0
0.0
0.575006973594
0.0
1.0
0.0
0.0
0.0
0.0
0.0
0.0
0.0
0.0
0.0
0.0
0.0
0.0
0.0
0.0
0.0
0.0
0.0
0.0
0.0
0.0
0.0
0.0
0.0
0.0
0.0
0.0
0.0
0.0
0.0
0.0
0.0
0.0
0.0
0.0
0.0
0.0
0.0
0.0
0.0
0.0
0.0
0.0
0.0
0.0
0.0
0.0
0.0
0.0
0.0
0.0
0.0
0.0
0.0
0.0
0.0
0.0
0.0
0.0
0.0
0.0
0.0
0.0
0.0
0.0
0.0
0.0
0.0
0.0
0.0
0.0
0.0
0.0
0.0
0.0
0.0
0.0
0.0
0.0
0.0
0.0
0.0
0.0
0.0
0.0
0.0
0.0
0.0
0.0
0.0
0.0
0.0
0.0
0.0
0.0
0.0
0.0
0.0
0.0
0.0
0.0
0.0
0.0
0.0
0.0
0.0
0.0
0.0
0.0
0.0
0.0
0.0
0.0
0.0
0.0
0.0
0.0
0.0
0.0
0.0
1.0
0.0
0.0
0.0
0.0
0.0
0.0
0.0
0.0
0.0
0.0
0.0
0.0
0.0
0.0
0.0
0.0
0.0
0.0
0.0
0.0
0.0
0.0
0.0
0.0
0.0
0.0
0.0
0.0
0.0
0.0
0.0
0.0
0.0
0.0
0.0
0.0
0.0
0.0
0.0
0.0
0.0
0.0
0.0
0.0
1.0
0.0
0.0
0.0
0.0
0.0
0.0
0.0
0.0
0.0
0.0
0.0
0.0
0.0
0.0
0.0
0.0
0.0
0.0
0.0
0.0
0.0
0.0
0.0
0.0
0.0
0.0
0.0
0.0
0.0
0.0
0.0
0.0
0.0
0.0
0.0
0.0
0.0
0.0
0.0
0.0
0.0
0.0
0.0
0.0
0.0
0.0
0.0
0.0
0.0
0.0
0.0
0.0
0.0
0.0
0.0
0.0
0.0
0.0
0.0
0.0
0.0
0.0
0.0
0.0
0.0
0.0
0.0
0.0
0.0
0.0
0.0
0.0
0.0
0.0
0.0
0.0
0.0
0.0
0.0
0.0
0.0
0.0
0.0
0.0
0.0
0.0
0.0
0.0
0.0
0.0
0.0
0.0
0.0
0.0
0.0
0.0
0.0
0.0
0.0
0.0
0.0
0.0
0.0
0.0
0.0
0.0
0.0
0.0
0.0
0.0
0.0
0.0
0.0
0.0
0.0
0.0
0.0
0.0
0.0
0.0
0.0
0.0
0.0
0.0
0.0
0.0
0.0
0.0
0.0
0.0
0.0
0.0
0.0
0.0
0.0
0.0
0.0
0.0
0.0
0.0
0.0
0.0
0.0
0.0
0.0
0.0
0.0
0.0
0.0
0.0
0.0
0.0
0.0
0.0
0.0
0.0
0.0
0.0
0.0
0.0
0.0
0.0
0.0
0.0
0.0
0.0
0.0
0.0
0.0
0.0
0.0
0.0
0.0
0.0
0.0
0.0
0.0
0.0
0.0
0.0
