0.0
0.0
0.0
0.0
0.0
0.0
0.0
0.0
0.0
0.0
0.0
0.0
0.0
0.0
0.0
0.0
0.0
0.0
0.0
0.0
17.4082601179
13.4595047146
15.6882849847
42.148937021
17.0240802542
23.261581663
93.5737787464
57.9359090655
60.7503520083
46.5003115389
55.8076394823
64.866858376
74.4680595439
89.2023387808
96.2042394124
132.316353968
122.001134494
157.767443342
154.474416333
222.268611637
349.973225854
495.87875006
235.590026387
347.231161366
356.217551306
287.361164332
317.361020496
244.419079698
196.877525927
224.635232103
205.463769484
190.044178697
210.53951736
220.887594994
234.145425619
232.87822554
206.639591474
254.31509439
179.828195995
180.218089657
219.294746981
188.748950303
168.154473803
237.80792042
433.463884109
222.555267895
212.967341507
317.470861688
208.991586224
261.839713137
174.467680165
200.513662349
179.048101937
150.805598133
155.354260916
159.701466408
142.763756808
166.133481954
123.277889188
115.191001039
105.371912025
130.973754603
91.9449355322
83.8358283359
99.9574984726
103.161285828
80.0172969362
105.782412198
92.9356924683
67.597710129
87.889046518
85.379164679
88.8555546116
101.269361255
91.7390074556
75.8318263766
64.015890987
67.807435231
66.5065630699
53.6426407367
53.0406601073
68.3908979436
56.2300808057
53.1830570974
55.4413596403
65.6642528434
43.218607357
34.273188797
41.674727194
39.5227541318
35.5545824658
36.9194419054
34.1491071354
25.0141568487
25.8143830166
28.4205911428
28.6674166417
24.4766765755
26.007751871
26.8219903213
43.0779055517
42.066407459
35.0084318978
57.6159202007
38.567817056
46.147647379
33.3847051304
43.6526457463
21.6087401073
31.4727952646
30.952016305
47.4916319279
44.0486530461
53.0692204354
36.619765934
41.4486462118
43.5509095059
48.1161021476
43.2032494983
33.974690084
25.9954722828
41.0807941419
29.179548221
42.8309174968
31.3525846019
31.3128002419
29.4638924676
40.0879816821
49.5551547379
43.2303382957
35.8798659249
33.177302082
24.8513839726
29.458634247
35.1883071907
23.641806002
28.51638374
34.9746079592
37.979022928
43.2856019768
46.685215124
30.3093261282
36.1958947513
36.3734335635
35.8780774124
23.1707943588
23.0684209707
22.1415761055
37.5380418774
40.875982325
35.373695107
25.9370227917
27.9385287179
22.2122408709
25.8009177528
21.4753553545
25.587536464
30.701437942
38.8699182082
41.1686807088
35.2573654056
48.9415837895
36.7690152678
29.4190322491
34.3105280813
45.521007768
31.5374163134
40.7039771255
31.8115823784
53.8749828292
31.1813676877
40.3533452963
41.0099145476
38.7831083124
35.9535983043
35.7768340526
37.7354336034
38.9859532711
40.3706221146
28.538353418
40.2805991541
39.7214688986
27.2888138483
39.6964142305
45.4192407198
39.058345232
44.1150861298
30.0257949374
38.3652770817
38.5343639601
34.4040915339
26.2381320282
30.0729623426
23.8272879385
26.4071927856
32.7471029521
22.8627392174
32.5656670722
30.2478189499
25.1865571427
24.6382990465
20.4186062915
24.3835523556
31.641623984
40.7761870834
28.9916179713
30.5722672059
22.7146534509
20.2241817996
30.7172748818
20.4141585475
28.8725604755
26.4083267852
35.0656424471
28.7413547442
24.2456491747
33.7158645745
39.8437544949
40.8646405486
24.5566192124
36.7665056718
22.3016496914
24.3366281294
29.0176523015
26.8379991199
29.3976588778
25.3944256326
29.5577017274
21.3662691695
19.3866821462
22.2757266029
28.3846762478
30.1697107607
35.5336236652
28.5736592109
36.2629759794
32.2968627224
25.0626368684
30.107832135
40.7178930983
28.8474083506
27.8290459861
35.5339693016
28.6620294126
35.0321715631
42.0393599906
37.0023429138
30.8285660606
29.4234042735
27.3875877558
21.1480954183
31.1251633455
30.6662829558
28.2141855702
24.2514599302
37.8715399924
36.6725753938
29.8087579233
32.0254354792
30.9645593771
36.1287897204
31.4310504037
32.1083543325
27.4492515356
37.5224160401
24.9628036776
33.5810693724
26.6692079711
31.6345193919
30.4723805436
31.6018904389
23.2679415963
24.3838358182
18.7499445397
21.266058741
20.2751290757
29.2400758923
23.0415820154
41.3193246137
24.4173161594
21.0796304869
17.3754415658
22.1543679773
37.5332531518
28.7797358759
26.2376097692
27.7379064998
19.8128133523
30.2472597207
33.3622007116
28.6404262713
25.4536236137
28.3459000197
33.6385838292
24.0107543491
24.0070751856
19.1248846321
22.2978449714
25.1298517521
33.3274564674
24.5434524745
27.6907673045
29.8893110963
23.2200004128
30.1217068611
28.4348357178
31.1709491584
33.5619748449
33.961799642
39.4585333004
20.6131698645
36.3253270515
39.841247556
33.4857279503
26.2774228456
22.4945355192
34.673913201
35.7432256981
31.1321722055
38.3012768801
22.261872554
37.0769551451
26.6562111804
28.4786839321
29.4619163332
24.4141130983
23.9141948197
27.3594832351
16.6780167622
29.8803051039
29.0577087843
25.0656337955
32.7255870499
24.0806904741
30.0112623665
26.9926083492
29.2570641973
26.9573572553
25.394130796
19.5512947114
20.8709969964
30.5984961319
25.2662663347
21.8289671211
33.8386847953
23.2013016701
25.6212385472
26.9886630248
17.704393436
18.7979189178
22.6793304695
26.404956181
22.3128731246
20.1114681888
23.9436778797
26.1230802295
29.1912933145
18.3287326542
19.7588389812
21.971103333
14.4110232762
23.3654727524
22.3647008347
21.5270440623
20.8714127755
17.5755940333
17.7617936454
18.6297551078
15.8944057437
21.5565528601
20.8831099473
27.8125849025
16.9094687539
24.4577631652
24.2489681549
28.7469807461
21.6772268034
19.85845773
18.6542708403
28.7352102224
28.1642040544
31.6504003608
22.5373239007
23.5251086722
20.3489550746
25.1209380035
26.3077406527
17.1897639803
20.3964545387
15.4904914353
24.0352388497
16.2880841764
15.8606840626
28.7321329025
19.6551248145
15.8442551578
21.657558354
22.2682478308
20.9350436306
26.7376959021
22.5611171754
18.5752262802
17.8068314863
21.4918832719
10.6589017413
13.679996988
20.3389510768
19.5674319435
18.7243862232
24.6696052332
22.4597158638
22.3950864972
13.7185452651
15.0
15.7630895071
17.8557369322
22.2006207088
18.5965667198
25.1509548533
10.8196122473
16.7136267565
26.1722544131
22.4708050959
22.93287348
14.5909420749
23.3868319116
16.0
18.5625541511
17.5476325964
13.9627681348
22.3517904158
17.0
11.2291420508
22.5823369442
22.2634573858
14.8223298781
24.2635175662
15.7451799937
16.315918964
13.7073677138
12.6565893908
14.0
17.6865932576
15.682156251
16.6212150391
14.5969623594
5.88937453683
15.7981828194
7.93902651438
14.6929860576
15.9620224445
18.5047376314
11.8042345842
19.5447370861
17.8608705004
12.8237844978
17.849499517
16.8837287607
16.7960677265
14.6739317324
11.6316344068
14.9579149177
13.5623322804
8.70487017754
21.7335154984
7.85251028298
16.6449305711
10.8622778551
19.5275996049
16.7789422616
18.6382913711
10.9280929355
8.74094417528
11.62388135
11.8317158263
16.8072986805
15.9475856371
16.6610859569
10.8194802145
7.60723452526
14.7190462835
14.7274909101
11.5269827553
18.7123787641
6.77669003003
14.9252206508
12.8506858095
16.6937266686
10.8577244264
9.74468056805
4.0
16.7860088576
8.85969153318
14.5227307606
16.0
9.0
12.8752864247
12.4928511648
13.2768873278
18.5767321835
7.28997428316
12.8510471833
10.8988100384
13.6690143776
13.6446102182
13.636657828
13.911142613
11.784974444
9.86309297568
8.72051162352
10.7468699162
11.0
10.4818486388
6.0
5.0
16.5352942752
5.78508940615
9.59899500771
15.0
12.668561112
5.86042784215
10.806640542
10.9704998554
5.98328502158
8.0
17.9107281129
8.87171522865
7.0
8.9064958454
10.6583526228
5.90671640172
8.0
4.85021591464
5.64245658165
13.0
6.99446608412
8.99676664048
11.9021352533
8.0
8.8607018469
5.81496447172
5.94427366123
9.87439062433
13.9257899833
12.8064769259
20.946018315
9.69831654783
4.0
7.0
5.96870837945
10.6579273199
3.93390294886
7.0
6.0
7.0
9.81771497487
7.8050305327
7.86150488353
9.78560118426
8.0
9.8086626616
1.0
7.0
11.8046108227
5.71027194152
10.8531199493
6.94835801183
7.83902150942
12.8727579494
7.0
4.78857327494
10.8303050968
5.0
4.91869482789
3.95672090314
3.90620531181
11.8262865708
7.74448319131
7.89666378579
4.93951002153
4.8736729686
6.58098392044
6.81336356755
6.75852926732
5.81938581685
4.87436754474
5.80021950056
8.0
8.91066531029
6.83677082887
5.92466733176
11.7532055477
12.7701437923
1.0
8.7704133975
5.0
7.81968948287
8.97982809532
9.61875995797
2.0
3.95945906521
3.93709635238
9.82313785526
7.0
3.0
1.84295838151
4.83746811749
5.0
7.0
6.91325752132
5.97803633109
2.0
5.63679952583
3.0
8.0
5.87867794238
6.0
6.0
5.99438295912
9.94272107115
6.96119548823
4.9438657325
6.0
9.0
5.96601012307
5.93160752622
5.88157180637
2.0
5.0
3.0
4.73056024838
5.85922474574
4.90871673192
1.0
7.67768485186
3.85209148057
5.84749341951
3.0
5.0
3.0
4.0
4.0
5.85102267309
5.0
3.89999844046
3.0
8.81191934382
1.83502654201
7.67937954562
1.0
5.0
6.82133146258
3.89119488288
5.87974084225
0.0
2.0
5.80267390024
4.0
3.0
3.0
4.0
5.0
4.0
6.0
7.0
4.0
6.0
1.0
3.0
3.0
5.0
1.0
2.0
3.0
7.83584357044
2.0
5.0
3.0
5.0
3.93712447508
5.0
3.0
6.86086538621
2.0
2.83786592808
0.863797363815
0.0
2.0
2.9826303547
4.98428422767
2.0
1.0
4.8304649734
5.0
1.0
0.0
0.0
2.0
2.8152746393
7.0
0.0
6.0
1.0
4.0
1.0
0.0
1.8733197253
2.0
1.0
2.0
1.80718603572
3.0
3.68226539631
3.0
1.0
2.0
5.95326489062
2.0
4.0
2.88877903565
3.86131737956
1.0
6.0
4.99986704735
1.0
2.0
2.0
4.0
2.0
3.99324529936
3.0
1.0
7.0
3.0
4.0
5.0
3.96154554596
3.82132856977
4.0
3.0
1.92513973601
3.92907048064
1.0
3.0
3.0
4.0
2.0
3.89754589279
1.0
5.0
4.0
0.925780240514
1.0
1.0
5.82901039204
3.0
5.0
1.95080207691
3.98004176484
2.0
2.0
2.0
2.0
2.92687356047
4.0
0.0
3.0
1.0
1.95500173926
3.0
3.0
1.84791320395
3.0
1.0
1.81883697328
4.88544363397
3.85626884374
4.0
2.0
0.0
1.0
1.0
1.0
1.0
3.0
2.83127605727
2.0
3.93522784501
0.0
2.0
1.87349169785
1.0
1.99479607555
3.7122513477
0.0
2.0
2.0
3.0
1.0
2.0
1.0
0.0
4.0
3.0
2.0
3.0
2.0
2.0
2.0
0.0
1.0
3.0
1.0
1.0
0.0
0.0
3.0
0.0
1.0
2.0
1.0
2.0
2.0
1.0
1.0
2.0
2.0
2.0
0.0
1.0
2.0
0.0
1.0
2.0
2.0
2.0
1.0
3.0
4.0
3.0
1.0
3.0
1.0
1.0
0.0
0.0
1.0
3.0
1.95799616217
1.0
0.0
5.88965701437
1.0
2.0
0.0
1.0
1.94972757006
0.0
0.0
1.0
0.0
2.0
1.0
0.0
0.0
2.0
1.0
2.0
3.0
2.0
0.962393813803
0.0
1.0
1.0
1.0
0.976889308162
1.0
0.0
0.0
1.0
0.0
2.0
0.0
0.0
1.0
1.0
1.0
2.0
0.0
2.0
0.0
2.0
1.0
2.0
0.0
1.0
0.0
0.0
0.0
0.0
0.0
2.0
2.0
1.0
1.0
1.0
0.0
4.0
0.0
2.0
0.0
0.0
0.0
1.0
2.0
0.0
2.0
1.0
1.83748595317
0.0
1.0
1.0
0.0
1.0
0.993788736414
0.0
0.0
1.0
1.0
0.0
0.0
0.0
0.0
0.0
2.0
1.0
1.0
0.0
0.0
2.0
0.0
0.0
1.0
0.0
1.0
1.0
0.0
0.0
0.0
1.0
1.0
0.0
0.0
0.0
0.0
0.0
1.0
3.0
0.0
0.0
0.0
0.0
1.0
1.0
3.0
0.0
0.0
0.0
0.0
1.0
1.0
0.0
0.0
2.0
0.0
0.0
2.0
1.0
0.0
63.7256700693
